# A=25.5 d=42 c=1.16 Hermite coefficients of F
8.74452607997236453e-01
2.93248019044899610e-01
3.70276494665327388e-02
-4.57776068022820795e-02
-1.16542702943833090e-02
2.02203969714930057e-02
-1.90958391380559658e-03
-1.00839803058069191e-02
8.00683478158695575e-03
9.13528096774356146e-05
-5.56852423014428562e-03
5.45995877577182872e-03
-1.78115062203876122e-03
-2.16146365825467621e-03
3.85689131956843453e-03
-3.30955259306784256e-03
6.64419041812240162e-04
6.90473811403682566e-04
-3.80628697849720848e-03
4.94875971324805182e-04
-4.25533760920757814e-03
-3.31617376236348653e-03
-1.22550351134389319e-03
-2.83442115539555553e-03
2.93350866024094398e-03
1.03073693360851144e-03
1.22344061711768043e-03
2.72175314740512450e-05
-3.00641368125622189e-03
8.98008043173478625e-04
4.76715551781239574e-05
1.59491044865821122e-03
-3.27221068956807647e-04
-1.89043932819112819e-03
1.07450687124331385e-03
-2.62669319565764139e-05
1.03845960766932137e-03
-1.37696848461201123e-03
-2.37886871180833289e-04
1.20145474787417819e-03
-4.90306120239679139e-04
1.05953858100249108e-04
-8.89118541594298862e-04
1.22434414141225564e-03
-3.05970129686550371e-04
-6.06644465468149743e-04
4.70049273988183052e-04
-5.73108001959686281e-05
2.97011118306911921e-04
-8.98194171344275844e-04
8.39251465673923527e-04
-2.10647643513723460e-04
-3.22082358931630956e-04
1.91820598105876746e-04
-5.04729148386492531e-06
1.32985367974781141e-04
-5.49031669835359877e-04
6.70673471224616396e-04
-3.77614194904031574e-04
-3.06280476118518717e-05
1.30267676948617623e-04
-2.40640256334123293e-05
-2.44791768864196493e-05
-1.38642783895744179e-04
3.90132052865493353e-04
-4.43625425696109936e-04
2.54759545806729801e-04
-5.86725961016594175e-05
-3.15401825953584428e-05
-1.13167780324347953e-05
7.01897063742203619e-05
2.45009358226379683e-06
-1.53074885223847355e-04
2.18781347944337924e-04
-1.97842385692061128e-04
1.07857117107778547e-04
-1.03944070473252850e-05
-1.00942968369233972e-05
-3.18225620271538284e-05
3.82064066709692586e-05
-7.08143520961035649e-06
-3.20763905833284797e-05
6.45083403474651764e-05
-7.50416511042016978e-05
3.66566307857881007e-05
-6.03689620972982632e-06
