# A=26.5 d=42 c=1.18 Hermite coefficients of F
8.78937434187460620e-01
3.04129839700537252e-01
4.66056275525855573e-02
-4.31181510460024314e-02
-1.55085248821283262e-02
1.89048902161256700e-02
1.07284626892181420e-03
-1.08515790204901860e-02
6.28907332943991638e-03
2.18547012131809631e-03
-6.27389468719437120e-03
4.49196565389323784e-03
-7.39864973974078272e-05
-3.40903452685191368e-03
4.03279634275119370e-03
-2.40559115510510313e-03
-5.29636877644264117e-04
1.86433187682457854e-03
-3.85258167300304641e-03
2.79122909511455436e-04
-3.26785215762327025e-03
-4.76739801414303391e-03
-1.91975558162532276e-03
-4.74868830709198643e-03
7.61002761040747771e-04
1.48216958347634035e-03
1.62279767605602826e-03
2.34321274588424359e-03
-2.74335895867301293e-03
-6.13306482476920272e-04
-7.89472856056142903e-04
1.21730204996446960e-03
1.75890997147657097e-03
-1.86952606667477404e-03
-2.66499666919641160e-05
-5.97996783774152512e-04
1.49832210869561030e-03
6.76375274276279966e-05
-1.44650733806124705e-03
7.04384220337718947e-04
-6.74543021273732988e-05
8.46852548912004543e-04
-1.23703041077025512e-03
1.90247652155577096e-04
7.72409408814223736e-04
-5.48816011601538671e-04
8.67231096169368142e-05
-4.37181777889693714e-04
9.66515861782454790e-04
-7.50432941753867693e-04
-5.01583836923096579e-05
4.04984644565793098e-04
-2.39368064950811117e-04
5.33261383349169509e-05
-3.73598006543461136e-04
6.91864427122291029e-04
-6.30079090774862205e-04
1.79210678548342040e-04
1.58590195472532757e-04
-1.47253828420032952e-04
5.33709515978993549e-05
-1.36981872457560782e-04
3.79248814417947847e-04
-5.42070986112077051e-04
4.20556091642687027e-04
-1.68568067979933981e-04
1.93442735193607757e-05
-7.41761965314586581e-07
3.28557619722138507e-05
2.95817977704628497e-06
-1.55506367888595372e-04
2.69697902089504444e-04
-2.58461394853217808e-04
1.64332797808193043e-04
-7.09802369089837515e-05
1.08684324989370598e-05
-4.04181262517503854e-05
4.66429752571711549e-05
-1.88416173447864476e-05
-6.50813367035566061e-05
7.29399555435161935e-05
-9.73522593918625754e-05
3.33458345120183535e-05
-1.45543529475873450e-05
-2.62933231916519488e-05
1.42540104953843022e-08
