# A=9.5 d=42 c=1.11 Hermite coefficients of F
8.82480099867792855e-01
2.83521959789644007e-01
2.72270799013699244e-02
-4.60762231965476665e-02
-6.85663533195052504e-03
1.93614984576327073e-02
-4.68984730141519274e-03
-7.60890711025126280e-03
8.10052392027161769e-03
-1.93323833556717159e-03
-3.52771005963921358e-03
4.85351624978059421e-03
-2.73865839644516634e-03
-4.42216440428245573e-04
2.45538882472003724e-03
-3.01249883894124824e-03
1.20334816900847684e-03
-9.46915231863847129e-04
-3.01193123218838291e-03
-6.79973542608561113e-04
-4.50807865586890823e-03
-1.99289403813125449e-03
-9.62471758914921691e-04
-2.84579462479570889e-04
3.05502170247419881e-03
2.71306796617507115e-04
1.78653675360152539e-04
-1.44775788303846639e-03
-1.18244154493160657e-03
1.57597219364076046e-03
2.41430295736464828e-04
4.00724016311884224e-04
-1.30719777796826572e-03
-1.33263621556369742e-04
1.11359253234761374e-03
-2.12323185318431980e-04
-1.69419203763691872e-04
-6.98758012784247572e-04
8.38943708456590356e-04
1.39118782620511507e-04
-6.21264487439038412e-04
1.07908307919153484e-04
1.34738436733089278e-04
3.01161396487537340e-04
-6.84958282848325975e-04
1.99926869622172297e-04
1.76902077307789071e-04
-3.39944138394965908e-04
-1.96956511148680649e-04
-6.25862842970902099e-05
1.04661262783657498e-04
-4.79201192399627109e-04
1.30941144974809588e-04
1.24075362020890120e-04
-7.81139241132600788e-05
3.90575701962684045e-05
1.08567397336436247e-04
1.31123707447602152e-05
-2.48638562092525113e-04
1.24064704373588112e-04
-3.80767681793828217e-05
-2.04423636753022940e-05
8.55950153776524896e-05
3.95349142619916662e-05
-9.47861260740219330e-05
-4.45914716437835652e-05
7.08553647251619493e-05
-3.14943835976226540e-05
4.48771913289727905e-05
1.49159661835999253e-05
-6.35093160605133507e-05
-1.45138927670024706e-05
4.03347735555965623e-05
1.39731303429419585e-05
-1.40089452327147099e-05
-4.16661382862313062e-07
-2.44450384399597120e-05
1.13186868746211616e-05
2.26982630887476243e-05
-1.17111774847518000e-05
-9.31216145501334840e-06
2.44080935913676888e-06
3.98002142587267191e-06
9.09094290631266280e-07
-1.24124894511690501e-06
-2.44285503068676020e-07
