# A=2.5 d=36 c=0.68 Hermite coefficients of F
8.35527631282740324e-01
2.79236282599689967e-02
-6.15140527357769112e-02
1.43329724726299935e-02
6.77629293685523028e-03
-7.28754872636006024e-03
2.52485566137993639e-03
5.01750716205302989e-04
-1.09826817304438992e-03
5.59648094100244570e-04
-3.34273889697759207e-05
-1.90513348174512669e-04
1.19374166829334201e-04
-9.94157140951808238e-06
-4.22133385164062420e-05
3.61362520156605858e-05
-1.31576642790507889e-05
-2.40960152696424647e-05
1.88889110345755781e-05
-9.94744040690490570e-06
1.54643954147876367e-06
-3.32125227975825889e-06
-1.31446889456922518e-05
7.11872236747483275e-07
-3.83228308147725866e-06
-5.55145183977161357e-06
1.50112445327900629e-06
8.11471503454199489e-06
6.86840142869885116e-06
1.53437492210016643e-05
-2.09350410786270742e-06
-2.02641011784953588e-06
-1.08296456727265621e-05
6.58124946920632999e-06
4.53773214853518583e-06
-7.94430484342057070e-06
1.17312864437206987e-05
-2.11001141619780730e-05
1.24044383991102391e-05
-1.82049369015869827e-05
5.68550480092822833e-06
-2.37086097119667302e-06
-4.52308969248023320e-06
1.00356660608901254e-05
-1.47422172811884728e-05
1.59944819732978571e-05
-1.28536580000275459e-05
5.27793674899451897e-06
-9.40823208297545256e-06
-4.22557437597169221e-06
-2.15322539436868759e-06
-1.24296015229867881e-05
1.59211893988862624e-06
-1.77232263963743916e-05
-7.56187993941163656e-06
-1.55118946283406683e-05
-6.83988111629440837e-06
-4.97529354522420562e-07
1.39504571021920216e-06
1.03639945681254701e-05
3.67943002888549667e-06
4.89943656573983883e-06
-2.01444095059677392e-06
-2.75810851584914246e-06
-4.84269548175045620e-06
-3.67414506282705175e-06
-1.60247214429902897e-06
-1.74370037401864808e-06
6.97527802861051707e-07
-1.83561282167426414e-06
-3.45842793750740388e-07
-2.23794407346057702e-06
-1.11651523657422653e-06
-1.34927484427351092e-06
