# A=10.0 d=42 c=1.0 Hermite coefficients of F
8.55531388747885146e-01
2.03186634431301860e-01
-2.95577852510608627e-02
-4.07269533278053278e-02
1.87345218284269283e-02
8.60455579927772371e-03
-1.42768382472890781e-02
5.96726489138626852e-03
3.32316766536548854e-03
-7.09033977837792047e-03
5.28983261298982422e-03
-1.23761575028883981e-03
-2.73235845532371303e-03
3.29644272997133610e-03
-4.59856779069983505e-03
-8.06299972035735661e-04
-2.30502238719645577e-03
-4.95160640581101576e-03
8.07416756403155859e-04
-1.43777713189472420e-03
2.82685641648061474e-03
1.64136729291222889e-03
-1.68285812819750098e-03
-4.53424935002440070e-05
-1.95613125418014899e-03
2.24944234655258691e-03
4.30222931809433231e-04
-1.00896001379371068e-03
-1.82817555483880839e-04
-4.74699598510195699e-04
1.89228227270850672e-03
-1.30651380285236340e-03
-2.39377155087397062e-04
3.89824018339006840e-04
2.82896579159692193e-04
-3.93341946716907953e-06
-1.04482279803585348e-03
1.24657959182948455e-03
-4.62407487789770564e-04
-2.24275114646170504e-04
-1.07418264277403530e-05
2.85292547899211276e-04
-5.54254206872723497e-05
-6.21479576574419587e-04
8.56316099344212197e-04
-4.70633671615881160e-04
3.67886166516478768e-05
4.18389816122749047e-05
1.68377818926896230e-04
-2.52716659553600589e-04
-5.10744346187821724e-05
4.09265073029432510e-04
-4.89535921249015368e-04
3.08298964354078724e-04
-6.23173544597668968e-05
-1.32878958101711152e-05
-1.05726524325858065e-04
1.89530280855984394e-04
-8.89520016150458501e-05
-1.07176436079871302e-04
2.42881024480905226e-04
-2.44945124573500543e-04
1.33633479056989417e-04
-1.61378624206160663e-05
1.02573989288977895e-06
-6.87735645610591979e-05
1.05442575068583327e-04
-6.53826538056273456e-05
-1.25568896741310983e-05
8.63101843859466884e-05
-1.21318868563446134e-04
9.05756899984436279e-05
-2.73974590876099368e-05
-2.54190887106814280e-06
-1.69793276056554513e-05
4.20042172068718460e-05
-4.56867873614646039e-05
3.38166986617180276e-05
-1.37743768156962883e-05
-1.36684182885451095e-05
2.90899424322922727e-05
-2.18439682532525331e-05
1.56511616527205908e-06
7.71977989613893468e-06
-5.99567585468455076e-06
-2.10522784631970007e-08
