# A=1.0 d=50 c=0.15 Hermite coefficients of F
1.17587019212309385e+00
7.95027100277873933e-01
6.59243510583157999e-01
5.76457888590878764e-01
5.16695016876170032e-01
4.69755642263374573e-01
4.31057985009443367e-01
3.98103313783047363e-01
3.69420881399833367e-01
3.44038899147411981e-01
3.21307308578134720e-01
3.00747447437927029e-01
2.82014670870286199e-01
2.64836436089223026e-01
2.49007136399468559e-01
2.34355563053834315e-01
2.20748464722302556e-01
2.08070369061112925e-01
1.96229459938233625e-01
1.85143558792898261e-01
1.74746350755558527e-01
1.64976845471855954e-01
1.55785331956231760e-01
1.47124998025997100e-01
1.38957444232380739e-01
1.31245740416659901e-01
1.23959485558545995e-01
1.17068873584158878e-01
1.10549338349753279e-01
1.04376357558355490e-01
9.85297360066574868e-02
9.29889662739245976e-02
8.77372030823183602e-02
8.27570540192044124e-02
7.80342927602020314e-02
7.35539879732941132e-02
6.93039968844608029e-02
6.52713637685773257e-02
6.14456292826551370e-02
5.78154460235179996e-02
5.43717336780601135e-02
5.11044705872305272e-02
4.80057201652420162e-02
4.50665657923516455e-02
4.22800300969773876e-02
3.96381267619362598e-02
3.71346910614307191e-02
3.47625269216561492e-02
3.25161644653401485e-02
3.03890843268420988e-02
2.83764157919137762e-02
2.64722232123731603e-02
2.46721565564484713e-02
2.29707869989661979e-02
2.13642202507499969e-02
1.98474701588922213e-02
1.84170440069123809e-02
1.70683443496522542e-02
1.57982345247279048e-02
1.46024600430302454e-02
1.34782017930134158e-02
1.24215091625811732e-02
1.14298478286690933e-02
1.04995374354885079e-02
9.62830042666883851e-03
8.81269757226402911e-03
8.05068401149056784e-03
7.33903621992258552e-03
6.67592128618800431e-03
6.05830904491161479e-03
5.48456061659238769e-03
4.95181939606505368e-03
4.45862505520261149e-03
4.00227685537939571e-03
3.58147967190145617e-03
3.19367266351189543e-03
2.83771446413097353e-03
2.51116954703701004e-03
2.21304060269976281e-03
1.94100390850206498e-03
1.69419816199391465e-03
1.47039869698640255e-03
1.26887380613876556e-03
1.08748555998035594e-03
9.25627157915813719e-04
7.81235132222804886e-04
6.53824836088723218e-04
5.41394488957862318e-04
4.43581189342857711e-04
3.58430861181381437e-04
2.85705104828429550e-04
2.23481065760893351e-04
1.71652212522727040e-04
1.28305804825171811e-04
9.34823181331148330e-05
6.52482258724830668e-05
4.38211277486463572e-05
2.71981891565672164e-05
1.58253178597919220e-05
7.53258090567386656e-06
3.25191639976165756e-06
1.59667710145698003e-09
