# A=13.5 d=42 c=1.09 Hermite coefficients of F
8.71349235587078441e-01
2.60430248005901088e-01
8.94331578257182708e-03
-4.74138094892656015e-02
8.23299245715209890e-04
1.88298901928651563e-02
-9.18279426878604484e-03
-4.60240527480983326e-03
9.03945043182807426e-03
-5.04498834083348321e-03
-1.15812517192279661e-03
4.70399005521716929e-03
-4.49971139661189436e-03
1.68745257194723251e-03
9.72621476321038395e-04
-3.45599937752427830e-03
1.84052964804327836e-03
-3.60039457360482968e-03
-2.92961747249024726e-03
-1.92398367880071419e-03
-4.92004487609719581e-03
7.47257696168242606e-04
7.42496005496189049e-05
2.16522423905149333e-03
2.07075751200160420e-03
-2.22239267540279544e-03
-2.99785590337275812e-04
-1.37635856224595059e-03
1.67707186688069573e-03
1.14192502395706465e-03
-1.45565876121934827e-03
-6.13546656718495201e-05
-6.06536372812950617e-04
1.73175700503202081e-03
-5.94181290131996168e-04
-9.10111553390448172e-04
5.70164801997422857e-04
1.21624485202434735e-04
5.03984766654537019e-04
-1.29152920497521695e-03
7.76546641776636854e-04
2.40548330286618464e-04
-4.53062075916873652e-04
-5.61409097359244925e-05
-2.54542840907058250e-05
5.33305967491955885e-04
-9.90166340400387137e-04
4.34208373319812943e-04
6.97324517740655070e-06
-2.26782476289447848e-04
-8.49584740744236744e-05
1.03680875844788171e-04
2.53380112225475972e-04
-5.54975312188539863e-04
4.84870226532702032e-04
-2.39672621575605566e-04
-1.01160166027510141e-04
-8.39961479187531198e-06
1.00938541350363477e-04
-5.22550586837837374e-05
-1.18290348728758795e-04
3.11102233226873527e-04
-3.22323687655630040e-04
1.68860494133869191e-04
-7.93319324242488990e-06
1.44191977769681954e-05
-7.65797930582786746e-05
5.27970246015765975e-05
-3.44744568898885755e-05
-6.65951922773898601e-05
1.86669641213285306e-04
-1.51457734488516038e-04
5.25583904622933514e-05
-4.21048134681741709e-05
3.30879223473258251e-05
-1.43005222650260076e-05
5.63790364222695075e-05
-6.42623001141457361e-05
-2.49130854170603302e-06
3.78456956594403729e-05
-2.16110375311098730e-05
1.82645876300801681e-05
-1.13128266103423081e-05
-1.54498497196210076e-05
2.17515788140740788e-05
-6.77301710053818354e-06
