# A=21.5 d=42 c=1.11 Hermite coefficients of F
8.67279604915677016e-01
2.65392699440109903e-01
1.30397239321808425e-02
-4.84834378146316927e-02
-1.01526439370064683e-03
2.00473516402695888e-02
-8.74901786822968909e-03
-5.73492988246704707e-03
9.64464996995995083e-03
-4.75842325687363208e-03
-1.97689052035833826e-03
5.39952268051870164e-03
-4.69182539431434523e-03
1.32985294377552677e-03
1.61157079016898243e-03
-3.97035059934012710e-03
2.12745041697083538e-03
-3.37251943263406229e-03
-3.39350603135233882e-03
-1.66731788653058633e-03
-5.83088241450497539e-03
1.55858088348691248e-04
-2.55835555906049322e-04
1.91932946435065732e-03
3.09780925009579301e-03
-2.05540589976650930e-03
-3.04129166341084774e-04
-1.97336240227042985e-03
1.23349500551608827e-03
1.94748118262102381e-03
-1.36814022863287446e-03
-7.36473437363400455e-05
-1.25246917262341576e-03
1.90822511459483985e-03
3.60036172607129754e-05
-1.26696402147884776e-03
4.09187005665862294e-04
-4.01901743184516613e-05
1.11608088556264121e-03
-1.55984058814654129e-03
4.25872028475921644e-04
5.84439643770802257e-04
-4.01235362737543456e-04
-9.28626509407065354e-05
-4.10575134159640908e-04
1.03853104516762646e-03
-1.12964296968706148e-03
1.78598202005671576e-04
1.52817540102309852e-04
-1.87639706698772171e-04
-1.52592599137208791e-04
-1.51256253855377586e-04
6.71118338769728152e-04
-7.97065040148509964e-04
4.80732438961343827e-04
-1.01623698244295675e-04
-1.22313987178257575e-04
-1.26189425974394668e-04
8.44824808348365011e-05
1.37057489880550241e-04
-4.00776573789019593e-04
5.24940264078831392e-04
-3.80964089445640693e-04
1.18326501148655104e-04
-1.41563679139487147e-05
9.87945983600068637e-05
-1.08402466343435503e-04
1.16312611485240678e-05
8.85950484161525853e-05
-2.67851626108780159e-04
3.15780850058366514e-04
-1.68374574162622826e-04
8.51125463572325485e-05
-9.42386772007503660e-05
7.03681206827945287e-05
-8.66709054638383836e-05
1.11039576955120431e-04
-3.64465743192742496e-05
-5.63628269048889496e-05
5.70906170494405119e-05
-3.39680367377826267e-05
2.24769783719291465e-05
1.20632843454285094e-05
-3.30370146488272924e-05
1.53485238996809849e-05
-1.73067025948625113e-06
