# A=4.0 d=42 c=0.5 Hermite coefficients of F
6.40655958221030941e-01
-1.76657184445884990e-01
3.08557210190239552e-02
1.98512975235544571e-02
-3.07847466898501960e-02
2.56763089622471449e-02
-1.57829345458403714e-02
6.26225073323133288e-03
8.73887235139639263e-04
-5.21782178952030686e-03
7.12241486986619609e-03
-7.21623350240017860e-03
6.15935243607047649e-03
-4.51533274284687466e-03
2.71992224676618219e-03
-1.06140920792582752e-03
-2.87879080092518717e-04
1.25837406460576956e-03
-1.84577749137363779e-03
2.09519484855490200e-03
-2.06983116774946737e-03
1.84765546793523019e-03
-1.49993444880723473e-03
1.09371017664438696e-03
-6.80133066337096923e-04
2.99508565328478996e-04
2.37931401139799149e-05
-2.75196141283048262e-04
4.52057100369971949e-04
-5.56597544374935250e-04
5.98271935056238864e-04
-5.87497554133657447e-04
5.37419034006692236e-04
-4.60240571369335415e-04
3.68013760273641665e-04
-2.70442117672869790e-04
1.76097050953276623e-04
-9.06039192857457519e-05
1.80708267932483348e-05
3.96527198408117877e-05
-8.18910177379049550e-05
1.09613917843448471e-04
-1.24116712065979167e-04
1.27655017420059193e-04
-1.22369171706413160e-04
1.10684069557600862e-04
-9.46690794255642949e-05
7.63743132369045516e-05
-5.76472298660158419e-05
3.97237721669117021e-05
-2.37084058948595227e-05
1.03023660859181282e-05
3.31424967532769699e-07
-7.96540873401056814e-06
1.29074008413888460e-05
-1.57172693646690913e-05
1.65403006138629320e-05
-1.58212854036161217e-05
1.40761005279933720e-05
-1.20766820193049344e-05
9.44010947797616483e-06
-6.87574284087810175e-06
3.78455289661884520e-06
-2.39890714092289161e-06
9.01892655366085027e-07
8.64607228648247563e-07
-1.65201358575369422e-06
1.97921575864958303e-06
-1.64195837641780017e-06
1.28576072550593974e-06
-4.31999706149645995e-07
5.41307906031529844e-07
-1.57704222677153348e-07
1.46956006033392055e-08
6.36270311595937371e-07
-1.39706271595632655e-06
6.52921347303365448e-07
-1.16902728297632217e-06
7.78958941800672827e-07
-6.66219373833402858e-07
4.10807654606635227e-07
-1.20949747358820219e-07
1.19880163276320406e-07
-9.01842511287779587e-09
9.21828047599808593e-09
7.64790580009025977e-08
