# A=16.5 d=42 c=1.1 Hermite coefficients of F
8.69881792358024319e-01
2.63300664724807287e-01
1.12203606620331284e-02
-4.78621319420378527e-02
-1.61949918152281408e-04
1.93815924623349650e-02
-8.90763743415873624e-03
-5.15191353935389763e-03
9.28044802124279242e-03
-4.86255886772117736e-03
-1.55315995826563538e-03
5.00062853898546218e-03
-4.54655897901752939e-03
1.49640843545908921e-03
1.27191713627007835e-03
-3.65543131493774277e-03
1.96355369438792936e-03
-3.43445766712622809e-03
-3.10006919520029300e-03
-1.77241222362551146e-03
-5.28646421936614878e-03
4.52072022698531617e-04
-8.24544045767349951e-05
2.03614009841433016e-03
2.53562826305373142e-03
-2.11839914343567737e-03
-3.20178660632879520e-04
-1.65098774465843650e-03
1.46918321287028714e-03
1.52174726725439521e-03
-1.40128432908521723e-03
-9.52317276084413628e-05
-8.96137551213362906e-04
1.82391728920819167e-03
-2.91536231165376942e-04
-1.08912781617033863e-03
4.84100078285271823e-04
6.85741898326377389e-05
7.83327838742748543e-04
-1.43638588279285085e-03
6.22095145304803806e-04
4.13184951255789667e-04
-4.35905465403184410e-04
-9.13800455209527393e-05
-1.89260672970941005e-04
7.78414604941525859e-04
-1.07199205819241304e-03
3.16025064860456033e-04
8.46103957855730889e-05
-2.10359515827983161e-04
-1.28439154876271362e-04
3.45334938308848247e-06
4.50062613625746015e-04
-6.82595511740050759e-04
4.98403539381080075e-04
-1.75497869245905388e-04
-1.15306452067618444e-04
-7.14971425236121715e-05
1.10501432916822716e-04
2.16071527752005426e-05
-2.48614366530367609e-04
4.21423709127665802e-04
-3.66551563424113470e-04
1.49833721999035360e-04
-8.22175066079504032e-06
5.29685651257659788e-05
-1.01316907262143983e-04
4.59709315372550163e-05
1.28335570952815175e-05
-1.58559227718830620e-04
2.57519152162975740e-04
-1.67098351099192164e-04
6.99095280013133503e-05
-6.89993137635312780e-05
5.10306319557933910e-05
-5.05448478037278520e-05
9.06265683933764831e-05
-6.02680337251025307e-05
-2.54370905164767540e-05
4.82964696227173278e-05
-2.94034521036963748e-05
2.36684484584569383e-05
-2.40212286320215783e-06
-2.54450609483533871e-05
2.07911727118688050e-05
-4.42717628036221847e-06
