# A=18.0 d=42 c=1.1 Hermite coefficients of F
8.68712044274314699e-01
2.61505532217486736e-01
9.91518186050437123e-03
-4.79149041603985359e-02
3.59788463265646105e-04
1.93362628405398390e-02
-9.22178090236377458e-03
-4.94068077291279738e-03
9.35211153054797337e-03
-5.09336860840177257e-03
-1.37682318771886920e-03
4.99219460179832399e-03
-4.68378088007166682e-03
1.66104982003705253e-03
1.15148033948473207e-03
-3.69810092563672152e-03
2.00046297262319569e-03
-3.66406273440724774e-03
-3.10190968817644196e-03
-1.87788136457725822e-03
-5.30434915682732877e-03
6.78907648717779659e-04
-2.01590493642397547e-05
2.18320758701301236e-03
2.39995570319746949e-03
-2.30643218403110174e-03
-2.84827447705078823e-04
-1.59943028937822537e-03
1.66957919107111599e-03
1.39162754181864734e-03
-1.52676279762247250e-03
-5.18559808412751000e-05
-8.09088786207397379e-04
1.90583679426557144e-03
-4.92330913335015498e-04
-1.05612886514587371e-03
5.80814987329253537e-04
7.80061923459564213e-05
7.03965146942685314e-04
-1.48834778421680814e-03
7.83253310858944194e-04
3.36357340518200624e-04
-4.86709203478263527e-04
-6.00436067956585003e-05
-1.34371406989982776e-04
7.38113102632788213e-04
-1.15021778993540792e-03
4.45600147416350925e-04
2.71887731356613245e-05
-2.32052388627404488e-04
-1.08250550234445655e-04
4.60274667399723260e-05
4.03060245769953766e-04
-7.12019876003085325e-04
5.75657116822521743e-04
-2.58339956253189379e-04
-1.00348023179013337e-04
-5.34348437688053580e-05
1.17111255353039261e-04
-9.52469656359972725e-06
-2.23480514146160645e-04
4.37648313753605407e-04
-4.24149263803414031e-04
2.17104588323336202e-04
-3.61145154546303271e-05
5.40607577887083912e-05
-1.10919220203964288e-04
6.13119499964443946e-05
-8.01645402872123492e-06
-1.39656258444018782e-04
2.74876676485429267e-04
-2.08546255234260639e-04
9.67164734401030127e-05
-8.43923395648355201e-05
6.33955774172452555e-05
-5.19373843121969758e-05
9.56266546642070905e-05
-8.12480273991707876e-05
-1.13608670435862060e-05
5.13369267960712684e-05
-3.48819433364772177e-05
2.95997946439339801e-05
-1.13376754569276440e-05
-2.30245781248956615e-05
2.55819819385395307e-05
-6.90241400995892057e-06
