# A=16.0 d=42 c=1.25 Hermite coefficients of F
8.97224293538355311e-01
3.53719589193538575e-01
9.64793489445203017e-02
-2.45160493849345164e-02
-2.98821688793340784e-02
8.90071096779474977e-03
1.17580789819661941e-02
-8.79555430597264709e-03
-2.34612462154578944e-03
6.98139168198571615e-03
-3.70493911430192727e-03
-1.72786357868821155e-03
4.29440767161366060e-03
-3.08312905551366657e-03
1.73122857068114125e-05
2.38440349658767918e-03
-2.90750221818690665e-03
1.62559021447953559e-03
9.99134562606557525e-05
-1.89445444939746136e-03
1.40746608682398334e-03
-2.55591442644347673e-03
-1.85927798028780568e-03
-2.33121130737475209e-03
-5.54390754247344013e-03
-2.90435489513948125e-03
-4.00855400035383773e-03
-9.05369379354366440e-04
2.06347655267890250e-03
1.45480579696138880e-03
2.48166443294443309e-03
-1.33203380863940071e-03
-1.58890429902620910e-03
-6.05228809152507990e-04
2.16741225400784955e-04
2.07011669939223411e-03
-6.68519117186947009e-04
-6.57364242349425050e-04
-5.74087412478165807e-04
5.02481825818522116e-04
1.08844692780379806e-03
-9.94725107607092630e-04
-1.27841481475364960e-04
-6.15490485367575562e-05
6.89979609683008576e-04
-1.19758160115157001e-04
-7.43346760893091136e-04
5.52208597080959974e-04
4.02202496735696788e-06
1.14508442776322153e-04
-5.15487495196042286e-04
2.60286193126016137e-04
2.45399433948635475e-04
-5.04553968512746380e-04
3.24675891281248096e-05
-1.98067260627856874e-04
9.45684008430633112e-06
-6.74172845034699993e-04
-1.97151936964871585e-04
-2.16524332285886146e-04
-5.39402113628874237e-04
-1.84732344039999214e-04
-1.27709604409991071e-04
1.49469658901899135e-04
-1.07853380351102433e-04
3.01626059517305840e-04
1.19744367171135588e-04
-8.19504284965200179e-05
-1.07038657640628804e-05
-9.94775159517923002e-05
-4.64067763218934843e-05
-8.90521085660028408e-05
1.66754901327506144e-04
-2.41305733646409433e-05
1.11151190299547544e-05
-5.81967125593081040e-06
-4.38254176447367143e-05
-4.54372681671272088e-05
3.74786100768848397e-05
3.31635603423442282e-05
-1.55559539430467572e-05
1.25692385775470219e-05
-3.47982822546038053e-06
-3.10285692218961826e-05
2.41667532374957448e-05
-4.52758426771121065e-06
