# A=32.5 d=42 c=1.17 Hermite coefficients of F
8.73879044974487651e-01
2.96363724411659646e-01
3.99807258096487039e-02
-4.53310693336423098e-02
-1.30173333901514067e-02
2.01238628253276111e-02
-9.71341634391983955e-04
-1.06029963068543041e-02
7.67134964079567438e-03
8.02237789199192891e-04
-6.01403378626595882e-03
5.34737953448996290e-03
-1.27031371155325937e-03
-2.69430018974913324e-03
4.09785025257262351e-03
-3.15199502480457147e-03
2.73068897521656613e-04
1.19460932411015724e-03
-4.00599476635380217e-03
5.85691127174837881e-04
-4.02162723017497614e-03
-3.85415340242053692e-03
-1.35739149260617970e-03
-3.59095445570837331e-03
2.45175266468978950e-03
1.28531485262487117e-03
1.42289396614159874e-03
8.11763296410866622e-04
-3.25286965096392624e-03
4.21395361132091326e-04
-1.79410255507711633e-04
1.68949371478849036e-03
3.98120431789703456e-04
-2.19076611608828593e-03
7.46623631586716924e-04
-1.37377185793587705e-04
1.39202553393615643e-03
-1.07008623897019328e-03
-8.25500596039629498e-04
1.24176420192773931e-03
-2.92177415471815065e-04
3.21164770606630241e-04
-1.22199790672776996e-03
1.06136724276602594e-03
1.61358430680085300e-04
-7.69854418686628274e-04
3.36679138026397379e-04
-1.01262740892725772e-04
6.22604162102720804e-04
-1.06882419619233572e-03
6.42945945163659054e-04
1.06270007396914540e-04
-3.81995464411222468e-04
1.08378351020390067e-04
-4.64678127165193142e-05
3.76944064410723108e-04
-7.44255260444343049e-04
6.06662436685669287e-04
-1.65538981238663794e-04
-1.59688243494843327e-04
1.16569576843493939e-04
-1.88158320297030987e-06
8.55198784214210165e-05
-3.49930393131237774e-04
5.26348623541353692e-04
-4.23340929897404652e-04
1.63179083208110165e-04
2.81567122139371245e-06
-1.44663555113106775e-05
-5.09224076102597384e-05
3.23155964292134632e-05
1.16479613736358237e-04
-2.54325655461238632e-04
2.60763429541713569e-04
-1.76419173928956205e-04
5.31993175588018220e-05
1.24325686241679259e-05
8.73858575298906815e-06
-3.90672787918487348e-05
8.87056145609522702e-06
3.93547358647540490e-05
-8.66158380404949467e-05
1.01387623275337398e-04
-7.55154163001511689e-05
1.97562357862046803e-05
-1.63879826856354092e-06
