# A=30.5 d=42 c=1.18 Hermite coefficients of F
8.77323497607005121e-01
3.02612777606529548e-01
4.54289561922821411e-02
-4.35971022840768302e-02
-1.51749150522392483e-02
1.92081148864603202e-02
7.74790407639750975e-04
-1.09307737250067295e-02
6.57026900074905544e-03
2.01875473888860502e-03
-6.34110331752720142e-03
4.69650528789821321e-03
-2.43887689249623011e-04
-3.38341658685046166e-03
4.13758116310640033e-03
-2.57327276105619954e-03
-4.29886934022929404e-04
1.82429837140180452e-03
-3.98572134486143304e-03
3.49109848392147992e-04
-3.46020179078612581e-03
-4.75888529224494962e-03
-1.86331862173718700e-03
-4.71262122385032126e-03
1.05980341887662024e-03
1.51535454131878841e-03
1.64325495411155758e-03
2.19337491974732008e-03
-2.94794384004992910e-03
-4.84955004263334065e-04
-7.17349974073854500e-04
1.35417632036581278e-03
1.63137948551163184e-03
-2.02268441054821117e-03
8.11628339604078043e-05
-5.41205416072012137e-04
1.56831058487482333e-03
-1.12174367426520457e-04
-1.44228772197203402e-03
8.29116458273969738e-04
-8.42641142298434847e-05
8.00887635717572027e-04
-1.31640435431735125e-03
3.39899351464075352e-04
7.40785881129431886e-04
-6.22489611961574564e-04
1.13315552468482646e-04
-3.92168931504466257e-04
9.78259157093873052e-04
-8.54831149406069563e-04
5.04581594908975095e-05
4.04480078823516646e-04
-2.72932336340285736e-04
5.03702259191798419e-05
-3.26150834766788719e-04
6.92446750702128922e-04
-6.94497453449879616e-04
2.51367493903297988e-04
1.34353802094974348e-04
-1.72547936308258058e-04
5.87911660679329377e-05
-1.12826936510871626e-04
3.57685995060060826e-04
-5.55826126094581107e-04
4.75275561567988555e-04
-2.16531926099096720e-04
3.12612605680881678e-05
4.65165309767646452e-06
3.26629285875782024e-05
-1.40146790869305872e-05
-1.31804756384192788e-04
2.69416511235268390e-04
-2.82683499906268118e-04
1.91717008180157284e-04
-8.51086344063370869e-05
1.03353822431731372e-05
-2.97822893480489866e-05
4.61732584969858472e-05
-2.42806488013508923e-05
-5.75180012762323620e-05
8.00786358943665833e-05
-1.08148323985840538e-04
5.14506093966277545e-05
-2.38623390770273096e-05
-2.03509372854184206e-05
6.25190585859357845e-11
