# A=28.0 d=42 c=1.2 Hermite coefficients of F
8.79971915431421947e-01
3.18099246748558107e-01
5.95602101408357898e-02
-4.06235783076084045e-02
-2.02850972321399967e-02
1.77781009255666388e-02
4.32601607487099506e-03
-1.17463382371136797e-02
4.60302179218353112e-03
4.18953894926000700e-03
-6.77945119585565345e-03
3.41511090291515655e-03
1.49658602192336704e-03
-4.28674103420673483e-03
3.75581813526946768e-03
-1.23937422994719508e-03
-1.69421722993820870e-03
2.69255672022182101e-03
-3.39727438529508971e-03
-1.44373448965074910e-04
-1.74298016881901051e-03
-5.41656538450042361e-03
-2.11784387665144447e-03
-5.84954808896531037e-03
-1.98965160013748511e-03
7.00551514040593289e-04
8.55044007946344220e-04
4.07674310802894589e-03
-8.75241874177127514e-04
-9.95959735395313475e-04
-1.56995816718537295e-03
-6.29571844989116215e-04
2.78761460793921015e-03
-5.08818202619705810e-04
-1.44563844970107993e-04
-1.42324251047250749e-03
4.02817436215227869e-04
1.64706322168823617e-03
-1.15520824261229550e-03
2.30484924135774833e-06
-6.45126177422363466e-04
1.28233172515957307e-03
-1.98181287462553129e-04
-9.86769846843850440e-04
7.04955798181575687e-04
-9.99597416717083655e-05
4.40325515934619988e-04
-1.03101878367333811e-03
6.28563879126109101e-04
2.23936093864189471e-04
-6.14919759027458953e-04
1.46969797890807700e-04
-2.01379944211486786e-04
3.41066697229376180e-04
-9.14804233414823892e-04
3.19417113108360956e-04
-5.15652625192644090e-05
-3.76532520956969626e-04
1.40589565020447142e-04
-1.30492013223137493e-05
3.09106890953780660e-04
-4.59931506868466536e-04
4.84181691852830103e-04
-2.64339640648385136e-04
-1.25648089939836517e-04
5.85760961441481607e-05
8.87086068223677234e-06
4.90008487069925139e-05
-1.04430592745728587e-04
2.76334111896955935e-04
-3.35860058874371957e-04
1.20267080657840886e-04
-2.00184368992529924e-05
2.62773365806351139e-05
-1.26488870057845282e-05
5.06510918397115898e-05
-8.60344929008826493e-05
-7.50104153852739766e-05
6.97798401597723300e-05
-4.48716385899732503e-05
-1.23125812513656357e-05
7.54980469874212793e-06
-6.22639092801035600e-05
-1.61401123996624853e-06
2.66559867581129246e-05
-6.55202605684195475e-06
