# A=18.5 d=42 c=1.1 Hermite coefficients of F
8.68261441213329821e-01
2.60883123614116641e-01
9.49149288468348340e-03
-4.79449801181456858e-02
5.30247931795934865e-04
1.93294180762681352e-02
-9.33345859008222548e-03
-4.86629859563043540e-03
9.37534615637063660e-03
-5.17309637434546984e-03
-1.31557770641369670e-03
4.98903463529951161e-03
-4.73193924444605292e-03
1.71842262689709657e-03
1.10963499838036272e-03
-3.71271903064275197e-03
2.01332759793283137e-03
-3.74310856352295159e-03
-3.09991490788657327e-03
-1.91003543410858592e-03
-5.30723990097629536e-03
7.60214619243374402e-04
-4.78051608776217107e-07
2.23036009365952612e-03
2.34977608516900773e-03
-2.37328599023251419e-03
-2.65141932004494402e-04
-1.58037664624267968e-03
1.73663150037476981e-03
1.34366428238470400e-03
-1.57331684360798160e-03
-3.05016307980420810e-05
-7.83494545189333922e-04
1.93315992130525826e-03
-5.65195288618943522e-04
-1.03939612288963265e-03
6.14548521345936174e-04
7.55963959015006418e-05
6.79983229522477953e-04
-1.50577048275931822e-03
8.41085880072318503e-04
3.06083384332864975e-04
-5.04415276044719555e-04
-4.79477300601462413e-05
-1.20855380955514863e-04
7.25848188939767010e-04
-1.18270431449352034e-03
4.94526050997133072e-04
4.87722595773117801e-07
-2.36545183361993157e-04
-9.90713351064504560e-05
5.88452568545016130e-05
3.87712753216071834e-04
-7.22552370229151918e-04
6.05270058665714631e-04
-2.86112126555665132e-04
-8.79716489320406464e-05
-4.56368902238017335e-05
1.20494957920902609e-04
-2.01546290969545263e-05
-2.12295010302849163e-04
4.41349462011630727e-04
-4.44811446779849967e-04
2.41619959598757435e-04
-4.82871970295527958e-05
5.08059571698945178e-05
-1.14978800704854006e-04
6.68441077022152957e-05
-1.51327724465795971e-05
-1.32001976153802103e-04
2.79431299020895300e-04
-2.24881708694316031e-04
1.07741569468916722e-04
-9.23717144431814550e-05
6.86598999126056915e-05
-5.24957434326790565e-05
9.76873184518058883e-05
-8.73865921803746218e-05
-5.12662344643849530e-06
5.17629372954730576e-05
-3.68789185133713951e-05
3.09828238618417738e-05
-1.50271802728091150e-05
-2.19508222617217222e-05
2.71126223261624458e-05
-8.00611762955672743e-06
