# A=24.5 d=42 c=1.0 Hermite coefficients of F
8.37915923742589275e-01
1.84371969849932898e-01
-4.12595665839364939e-02
-3.70904222981821227e-02
2.35975970296251475e-02
4.82562959114969658e-03
-1.52776489980091489e-02
9.52650622942939965e-03
6.16124579193876032e-04
-6.95500050940920517e-03
7.13728435170876089e-03
-3.83220652015525340e-03
-1.53972168966916051e-03
2.60199061105385919e-03
-6.92031359807397141e-03
-2.13410248185776433e-04
-4.63852884921932447e-03
-3.92399899111717677e-03
2.67284012028409053e-03
-8.26608599328904157e-04
4.45114983968307888e-03
-1.18729430098744350e-03
-2.39258126099858599e-03
4.67604336696618439e-04
-7.99118771927924496e-04
3.47735691799216451e-03
-2.33005230388778645e-03
-6.20027183162306494e-04
6.02470694618350926e-04
3.70438588232746102e-04
9.53258400927543999e-04
-2.66408302488675870e-03
1.94809756226241738e-03
-1.32701351652417081e-04
-2.44142601800268399e-04
-4.51405453195102423e-04
1.49703014316211898e-04
1.20305592287848324e-03
-1.97460169288527897e-03
1.26716832985117908e-03
-2.68386891907152966e-04
6.14762690552208440e-05
-4.56873994348158067e-04
4.06522226944097665e-04
4.13487631028138522e-04
-1.20582976744020454e-03
1.26108346968431366e-03
-7.10304911632192839e-04
2.21051318065192370e-04
-2.28010346751187070e-04
4.56839674925867481e-04
-3.74420814732370744e-04
-1.17335175940823041e-04
6.60581750064529729e-04
-8.67281416256400896e-04
6.61661046051180901e-04
-3.27011979500086065e-04
1.89461834243786283e-04
-2.81399600485672139e-04
3.69329032988921328e-04
-2.58741219633780396e-04
-4.39124133944584312e-05
3.63814905588674101e-04
-5.15029767280738692e-04
4.40629766571733552e-04
-2.69010570479335837e-04
1.59213282866402592e-04
-1.71239417928697676e-04
2.23782506229834290e-04
-2.29450796638121755e-04
1.28116828657752068e-04
3.69438813882960358e-05
-2.06754986979217992e-04
2.69563719876700142e-04
-2.54868701249374432e-04
1.66768669350210349e-04
-1.42365009860534464e-04
1.07296681648255904e-04
-1.68934580773834602e-04
1.32990304534501985e-04
-1.76963251123535655e-04
6.06746437544347238e-05
-6.47046058817790155e-05
-4.41103439458866264e-05
7.51410558085528654e-06
-3.10978079687645903e-05
