# A=1.5 d=36 c=0.7 Hermite coefficients of F
9.69949112624844845e-01
2.29708905054395063e-01
3.59601699672895958e-02
-6.59539361005832131e-03
-6.78135377695106029e-03
-1.23743370772090577e-03
1.34128702448530921e-03
1.29005097704919681e-03
4.85895831407328910e-04
-3.38780677422633944e-05
-1.55099050197777264e-04
-6.91269996612375523e-05
3.28137198649042575e-05
6.72526000785578747e-05
3.47617437495670485e-05
-6.65730658029191585e-06
-1.45725625465774312e-05
-8.01322853564978826e-06
1.08933850295784163e-05
1.83250945647900516e-05
3.18467047379663139e-05
3.75042003607173281e-05
2.41906066102100584e-05
1.71463158672813612e-05
6.04554330214663975e-06
-4.54479853121894780e-06
-4.72143963025728561e-06
-1.27746526577945723e-06
1.88081484682050019e-06
7.28952040887351010e-06
9.64170876994303004e-07
2.27772383141647505e-06
1.17342337868409129e-06
-4.90917665209677600e-06
5.94868463533294129e-07
-3.19707453747106098e-06
2.99673455430468053e-06
3.31604356571712144e-07
-8.77144022587189771e-07
7.79515328258440198e-06
4.83075367988214816e-06
5.80294892270252338e-06
1.27487600660502396e-05
2.41031509062802657e-06
-9.44834439465177547e-06
-4.66867831981523755e-06
-1.91781216941783465e-06
-3.96375382486497253e-06
-2.59949467179210127e-06
-1.88958116386388133e-06
-4.13286173342325967e-06
1.61040102524159887e-06
-6.08241769823201421e-08
-6.96286412135998947e-06
-3.70621174416130262e-06
4.45732477448879810e-08
1.61950390235334179e-06
5.73458250694255283e-06
9.84004272935819934e-06
1.34738963538600507e-05
1.81213660686325617e-05
1.81248432453625722e-05
2.00024363468511813e-05
2.07973853782514301e-05
1.83677321663547072e-05
1.65522589325798351e-05
1.22690310261588224e-05
9.39019589547406691e-06
7.17942537924793256e-06
2.87966583572434233e-06
3.04401441942377132e-06
3.69650223549561322e-07
2.91218012236953627e-07
5.25505376650495794e-07
