# A=26.0 d=42 c=1.17 Hermite coefficients of F
8.76667396389981923e-01
2.98580221040511518e-01
4.17647778546278853e-02
-4.45300217563521297e-02
-1.35661916380142803e-02
1.96206532782717685e-02
-4.42890331338728627e-04
-1.05258203207836479e-02
7.21266943335565486e-03
1.13269200362842593e-03
-5.96650721637278364e-03
5.02994956460039305e-03
-9.48935298678370807e-04
-2.80618674341343542e-03
3.97910267103076132e-03
-2.88909757631187819e-03
6.20044445553742543e-05
1.32020568922120579e-03
-3.88581797742267032e-03
4.68649468514489593e-04
-3.79417690785744830e-03
-4.02518114897097625e-03
-1.52918398362239484e-03
-3.78772143614343167e-03
2.00241087234407505e-03
1.36111130838927584e-03
1.48971769288595780e-03
1.13245569012744227e-03
-3.09784988712165539e-03
1.16768201277024728e-04
-2.91029271151203427e-04
1.59981162222988527e-03
7.04424692680851198e-04
-2.09463849469141653e-03
5.04201257272038220e-04
-1.93867593935870882e-04
1.41613695415594254e-03
-8.09994461179079704e-04
-9.78893360834413775e-04
1.09106858019347676e-03
-1.78556900478620993e-04
4.00766813693586026e-04
-1.21983377135065872e-03
8.53755524686121252e-04
3.20964056623808532e-04
-7.13148263266099387e-04
2.37207453500478836e-04
-1.30869384230057476e-04
6.83340057884412053e-04
-9.89062182365182388e-04
4.70622337783562590e-04
1.96295823393889018e-04
-3.38711421375434657e-04
6.60027915252981681e-05
-7.92371628587801866e-05
4.32205084876078564e-04
-7.06777308221906778e-04
4.95657108476566747e-04
-7.12303139610960881e-05
-1.68524835159959013e-04
9.11774758155302036e-05
-7.45740761578931374e-06
1.31421088820983203e-04
-3.83302582477472692e-04
4.98058190543153962e-04
-3.56548522804976545e-04
1.15139720100385486e-04
1.32699410485841076e-05
-1.72743617545499922e-06
-5.16944026246040093e-05
4.44609579984171039e-06
1.45285848924280308e-04
-2.53517102189483470e-04
2.37712656479217236e-04
-1.43633129626841974e-04
3.19890677143772994e-05
1.03476608252044269e-05
1.64156144074389929e-05
-3.33264975189550964e-05
-4.84136706194567478e-06
5.24730002461977398e-05
-9.46513515424026223e-05
9.53968889904254424e-05
-6.17380221387791564e-05
1.21440310940478934e-05
-6.70442944090675194e-07
