# A=28.5 d=42 c=1.2 Hermite coefficients of F
8.79711631511683079e-01
3.17839382213946364e-01
5.93476693978936404e-02
-4.07100262245173317e-02
-2.02404407719451347e-02
1.78299950864067788e-02
4.29015148670773040e-03
-1.17693341600561309e-02
4.64287699670188053e-03
4.17822846866199721e-03
-6.80276392482584251e-03
3.44715748892512712e-03
1.48223499845112627e-03
-4.29886008819011563e-03
3.78248381902173466e-03
-1.26350875590508678e-03
-1.68875616075013155e-03
2.70086251725024703e-03
-3.42491109487811762e-03
-1.35572322735601734e-04
-1.76882781349100931e-03
-5.44197534281126542e-03
-2.11975994611662529e-03
-5.87370687263422120e-03
-1.96137957563754465e-03
7.20715539578554824e-04
8.72223294550765059e-04
4.08780992889796330e-03
-9.12474453514312616e-04
-1.00362392472641104e-03
-1.57229867203814732e-03
-6.07634832483173884e-04
2.80615296837963095e-03
-5.35729373913266648e-04
-1.48950126643005235e-04
-1.42749804947209192e-03
4.26643866725769159e-04
1.64629225054756245e-03
-1.17831043573010880e-03
9.15583053687934502e-06
-6.40884923377437431e-04
1.29443887795411042e-03
-2.17928542815629188e-04
-9.86816461450305870e-04
7.19387208245553331e-04
-1.05386743735177133e-04
4.37384395205233690e-04
-1.03832262368933688e-03
6.45424265035942756e-04
2.14365726691747682e-04
-6.20221083984151675e-04
1.54415409859299255e-04
-2.02202386544525351e-04
3.40146889094768503e-04
-9.22643130633544247e-04
3.33096307469697120e-04
-5.85997640317866757e-05
-3.76340606975913289e-04
1.45657913605141292e-04
-1.27427296820004175e-05
3.07096212633885084e-04
-4.63193699793375410e-04
4.91382928955919193e-04
-2.73985950726630587e-04
-1.22637756166515347e-04
6.23260368567304761e-05
8.81076993120978282e-06
4.78783462765332903e-05
-1.03570178117582464e-04
2.76406427324430977e-04
-3.41142497222678403e-04
1.26179443084027231e-04
-2.23047395445773601e-05
2.68436046217816510e-05
-1.30635073293107571e-05
5.05699758423866161e-05
-8.78585452313877059e-05
-7.29596999127944061e-05
7.13873628435908794e-05
-4.61181778245860240e-05
-1.12733457296575884e-05
7.48571387836050560e-06
-6.23252238213662502e-05
1.44567469713313451e-07
2.68099485908419847e-05
-6.99397802393041983e-06
