# A=15.0 d=42 c=1.1 Hermite coefficients of F
8.71205691979925700e-01
2.65460965353837897e-01
1.27836944072688835e-02
-4.78238323735362680e-02
-7.78123423591759247e-04
1.94448745752400856e-02
-8.54209414852936770e-03
-5.39951437793901798e-03
9.19541420252471993e-03
-4.58693637699475118e-03
-1.76382172709966568e-03
5.01423728888739702e-03
-4.38643336163146557e-03
1.30122342468237239e-03
1.41503585665387396e-03
-3.61288560880133978e-03
1.91528241127253331e-03
-3.17791335174005297e-03
-3.11355216778804074e-03
-1.66573632833932439e-03
-5.28254653181444139e-03
1.75123113135873185e-04
-1.59975907036179806e-04
1.86037567186473751e-03
2.69659250882848481e-03
-1.88742810439388484e-03
-3.54529548848724844e-04
-1.71084691533406334e-03
1.21931906517608541e-03
1.66819800496163795e-03
-1.24160676943681041e-03
-1.33196115924835273e-04
-1.00307937229322623e-03
1.71220466435246946e-03
-5.67285235635103119e-05
-1.10499300516224723e-03
3.66083172058618341e-04
4.65644513658871814e-05
8.73243708847701024e-04
-1.34922825092013781e-03
4.22238568184835842e-04
4.87039055596271602e-04
-3.68079255082975031e-04
-1.21876403173659426e-04
-2.63324248282131672e-04
8.08596044611988008e-04
-9.68964386913735969e-04
1.64681065158255545e-04
1.29158907654945004e-04
-1.77032774916188274e-04
-1.48691487909285948e-04
-5.20352477064158978e-05
4.96272168421690190e-04
-6.29242136189679235e-04
3.95536496819744242e-04
-8.70369530769959845e-05
-1.30052130903484850e-04
-9.78021415905401786e-05
9.50534147377494597e-05
6.17060118535442642e-05
-2.67434211008050430e-04
3.89654927184319684e-04
-2.92655113837615504e-04
7.85184099691481167e-05
1.45913980830140316e-05
6.11816888891196812e-05
-8.76584196120750738e-05
2.58239139893168073e-05
3.28556558936933036e-05
-1.72102441559690545e-04
2.28392193682123404e-04
-1.12441557362313098e-04
4.07637136077669830e-05
-5.34295193160452781e-05
3.56230676258399942e-05
-4.56397540167581984e-05
8.10611070649336352e-05
-3.61744507845862908e-05
-3.90239823969856824e-05
4.12426049976290032e-05
-1.98139875920649931e-05
1.70741036500491076e-05
6.91078982301273430e-06
-2.61419866103805881e-05
1.43911829902547086e-05
-1.82886116391439262e-06
