# A=2.0 d=42 c=0.54 Hermite coefficients of F
7.83995531621817343e-01
-7.25864477599934554e-02
-3.25894979485832487e-02
2.55553629335720754e-02
-7.71604558548606018e-03
-1.23725310451866695e-03
2.89103275007300889e-03
-1.68696415185119503e-03
2.96000058378245202e-04
3.15619021411268647e-04
-3.07688994162881547e-04
1.23681019827547966e-04
5.92777032818436181e-05
-1.24305255856654775e-04
5.94869670584082660e-05
-1.64499904259292904e-06
-3.50993568557982994e-05
5.53207415930254652e-05
-6.12751821847812165e-05
4.94810139181330402e-05
1.06075820075657735e-05
-6.39796192292228349e-06
1.42413850497894313e-05
-3.38644197484168374e-05
2.32006222956797977e-06
-2.09607950687440664e-06
6.42508399475646974e-07
7.52062418746794357e-06
9.03933468423862192e-06
-6.76801579145179175e-06
2.50334019521147291e-05
-1.78913088256286935e-05
2.65379296022422227e-05
-1.84657203141085785e-05
1.14770593965467346e-05
8.23754858595435527e-06
-1.63537112422115809e-05
2.03978211120462913e-05
-4.19710751517151005e-05
2.70275797142103624e-05
-3.16768012318927495e-05
3.11805595183234471e-05
-5.33690494150317963e-08
1.58242975126748317e-05
2.07624905202889163e-05
-1.63672017450938577e-05
2.19073516592172137e-05
-2.92736124955635612e-05
1.82534384435089053e-05
-2.23182575656883671e-05
1.38216524608416637e-05
-4.02616703874785614e-06
-5.51225637869129121e-06
1.29225122830737996e-05
-2.25074513212542200e-05
1.93403343161185860e-05
-1.98122878743512212e-05
1.67956934572883684e-05
-9.88064186787725957e-06
9.36103500217846344e-06
6.27288644050498712e-06
-2.43747158290352284e-06
2.30493973383863845e-05
-1.16597593691972478e-05
2.53187202252714617e-05
-2.17414115648874634e-05
1.45810252656760681e-05
-2.98889053077569748e-05
-8.74047271972325712e-07
-2.39103031744755144e-05
-9.91583895452219884e-06
-4.79881465566180804e-06
-1.15021925432739757e-05
1.65122565048855086e-05
-1.12484547439088170e-05
2.86727204488313463e-05
-1.08300274427422515e-05
3.00613492665908981e-05
-1.17568887933606992e-05
2.36699171568733631e-05
-1.04524224061989141e-05
1.51474516930735955e-05
-6.58391184309834354e-06
7.05480076994698657e-06
-2.42247700378823934e-06
1.53293378692151819e-06
