# A=13.0 d=42 c=1.23 Hermite coefficients of F
8.96244913837148105e-01
3.47840308645645080e-01
8.94265018862326067e-02
-2.80519470612461963e-02
-2.81650141688905842e-02
1.08799276757144577e-02
1.04255067528352917e-02
-9.59433360942987985e-03
-9.64181652090277327e-04
6.61487665919522141e-03
-4.48063915642799623e-03
-6.94986641549519973e-04
3.86364294622543354e-03
-3.45583208129481272e-03
8.18698646059482036e-04
1.73309910373031784e-03
-2.76634522627676113e-03
1.96758698895537973e-03
-5.42012972888970043e-04
-1.52375482585453709e-03
1.06792139307806521e-03
-3.12968809145319814e-03
-1.78660860039192202e-03
-3.18299173536874206e-03
-5.24749871026253343e-03
-2.38055383246126104e-03
-3.07499547367894987e-03
7.80033436370218677e-04
2.38500004454567224e-03
1.31246705938824725e-03
1.27261247146970465e-03
-2.27186824349439155e-03
-9.77295824166724003e-04
7.94224013889738973e-05
9.34095641101381638e-04
1.26151289323627358e-03
-1.41247086303784050e-03
-3.34422613834423630e-04
-2.46980002912200371e-05
8.57919226293409965e-04
2.01081755511992467e-04
-1.09247504897898068e-03
3.50832109329570602e-04
1.79432429516790393e-04
3.83020672620519749e-04
-5.89665223417178488e-04
-1.49093184777702244e-04
6.08478911998911257e-04
-2.53124515421342404e-04
-7.93834069464429966e-05
-2.06953916347561804e-04
4.18241326419127916e-04
-2.04586587796461768e-04
-3.16091337151207458e-04
1.89448631758684557e-04
-1.81925816997822141e-04
-1.91438315338920604e-04
-4.11530587561998091e-04
3.42687603920017558e-05
-3.51014578333269157e-04
-3.08226004830674583e-04
5.08031259761590102e-05
-4.39481903027915712e-05
7.03800720233488603e-05
3.92900862549169577e-05
2.56023788421019956e-04
-1.25688670682510878e-04
-3.00374347672734089e-05
-2.28219670981595472e-05
-1.03978228234545127e-04
-2.01360697989949106e-05
7.01370178177484392e-05
8.32155743547043222e-05
-6.33531029518769105e-05
3.21023937419811974e-05
-5.38810395498963250e-05
-4.12098252015460703e-05
3.62769332086004999e-05
4.66970765110424598e-05
-1.30017427496945462e-05
-9.97846065582612515e-06
-9.73394178267289424e-07
-2.76169816645569356e-05
1.62609167496375440e-05
2.25765969058705111e-05
-1.94812027813181640e-05
