# A=11.0 d=42 c=1.02 Hermite coefficients of F
8.59419966046050310e-01
2.14797406493434373e-01
-2.19795979241931283e-02
-4.34190061639899982e-02
1.56958305033122678e-02
1.12934895001623251e-02
-1.40162954940781827e-02
3.91506291780657593e-03
5.05516849558652198e-03
-7.35543326067758865e-03
4.27596389921371459e-03
2.40374712780648536e-04
-3.64034714442655876e-03
3.61792950005442428e-03
-3.63763987289183717e-03
-1.45439558500734707e-03
-1.19059914262359032e-03
-5.75621581491650956e-03
-2.64578768972179024e-04
-2.14519743339353650e-03
1.49532483708291765e-03
3.03691997950509196e-03
-9.32547668603068785e-04
4.08695397103314251e-04
-2.71634748225111754e-03
8.90537808229217766e-04
1.55416163536988830e-03
-5.07203313452802684e-04
-3.78049016967553541e-05
-1.62664148129952526e-03
1.85946105037329860e-03
-4.30335027400219686e-05
-7.41630541960159326e-04
-4.65744003993212477e-05
9.65618030066126465e-05
1.01292534293393323e-03
-1.46253911225358653e-03
5.54411405801415571e-04
2.67635569810908210e-04
-1.39447775301500146e-04
-2.96015065509041013e-04
-7.25260166381183494e-05
7.42591371006695545e-04
-9.79770702102028242e-04
4.45148593611936435e-04
5.18758067880682652e-05
-3.31580244450997903e-05
-1.90124737019458766e-04
1.74736428044877824e-04
2.19878344293934682e-04
-5.85361947439993059e-04
5.26256093491213372e-04
-2.22790219684413835e-04
1.00645237939055512e-05
-2.12112723475231253e-05
1.60346867979935552e-04
-1.64929056048638813e-04
-4.84287718057124306e-05
2.68529740141851660e-04
-3.15792779344419960e-04
2.10709527020603812e-04
-6.68258653687439733e-05
-2.18740828688171831e-06
-4.61860788662104183e-05
1.12494200886123746e-04
-8.65829954002770208e-05
-2.33434161020176388e-05
1.18057962394387569e-04
-1.49718614307275911e-04
1.21182005336248837e-04
-5.47130882821203186e-05
8.79316925869097477e-06
-2.10429009225157544e-05
5.69213890920780617e-05
-6.41905618971141446e-05
3.56281290341911469e-05
-4.84583681228828466e-07
-2.46237385319474414e-05
3.58501452720517164e-05
-2.66060862886347753e-05
3.63517260287688480e-06
9.82545082624046960e-06
-4.93971212158002162e-06
-6.27310773712628724e-06
9.10782122642484291e-06
-4.31519870422597670e-06
