# A=32.0 d=42 c=1.17 Hermite coefficients of F
8.74025508701816722e-01
2.96491333663943535e-01
4.00835935591545359e-02
-4.52867571004309383e-02
-1.30511987129346869e-02
2.00969841620354493e-02
-9.39798799405212534e-04
-1.06010427707783905e-02
7.64593262530312550e-03
8.22680220017182537e-04
-6.01353045705997451e-03
5.33030017976860327e-03
-1.25110659216549945e-03
-2.70272597724416103e-03
4.09298883417119532e-03
-3.13785036588321974e-03
2.60442963862231129e-04
1.20340074179018167e-03
-4.00075815184579905e-03
5.80163809444324361e-04
-4.00891448269638604e-03
-3.86491594385314973e-03
-1.36710069117048673e-03
-3.60361793956009025e-03
2.42581990622355156e-03
1.29119197154774126e-03
1.42665660155914093e-03
8.31709401851118057e-04
-3.24641120385359312e-03
4.02898633103694528e-04
-1.86145178630346599e-04
1.68534875269558352e-03
4.17465690477742801e-04
-2.18770442130473714e-03
7.32514532259914610e-04
-1.40377560730313975e-04
1.39475719611254216e-03
-1.05508346271006173e-03
-8.36329169608464448e-04
1.23415589052253204e-03
-2.85086513058925247e-04
3.25906142260829574e-04
-1.22330984257867491e-03
1.04950023812129013e-03
1.72347478657131504e-04
-7.67834597330582574e-04
3.30705020180333247e-04
-1.02601710021777283e-04
6.27570279385098644e-04
-1.06530096728453191e-03
6.31762149293017741e-04
1.12689141384592623e-04
-3.79807125363610027e-04
1.05271850815199722e-04
-4.87055428120314500e-05
3.81117349508833811e-04
-7.43142012329236720e-04
6.00298266709632547e-04
-1.59375097032377208e-04
-1.60755851937886504e-04
1.15181781541712349e-04
-2.02639099801789563e-06
8.83518253917997434e-05
-3.53023937701662843e-04
5.25131948531666810e-04
-4.19526550864018173e-04
1.60206254062040588e-04
3.82017159535871830e-06
-1.37507204471988152e-05
-5.11979834896011238e-05
3.08425876803481249e-05
1.18712243462101537e-04
-2.54765336448054317e-04
2.59606952863748253e-04
-1.74298769708129296e-04
5.17808030210374648e-05
1.24718627664710551e-05
9.21829098366905387e-06
-3.87792510722010503e-05
8.10915398795971232e-06
4.02227795378633192e-05
-8.72846820848510973e-05
1.01237623515971771e-04
-7.46722561097014185e-05
1.92427107434236318e-05
-1.55661340724019492e-06
