# A=24.0 d=42 c=1.14 Hermite coefficients of F
8.71374155829019448e-01
2.82797907073392085e-01
2.77373650371308678e-02
-4.76564879710320299e-02
-7.60301704057334774e-03
2.08888185815277808e-02
-4.92254561299469186e-03
-8.68091652801378580e-03
9.20614805174126138e-03
-2.09232658644768147e-03
-4.30320882277455269e-03
5.85366093793707448e-03
-3.26450061696822828e-03
-6.82589343466324765e-04
3.19959174258632002e-03
-3.85003464198769348e-03
1.57189658072212982e-03
-9.59269708965793631e-04
-3.82727787950152502e-03
-3.82603313738970698e-04
-5.65929653146164755e-03
-2.44099431951007046e-03
-1.17700082342052717e-03
-8.42728079678670182e-04
4.10180937522061379e-03
2.04145276302902139e-04
5.13763990959732438e-04
-1.74292878642864696e-03
-1.91575859423897144e-03
2.23126824737413920e-03
9.13471104736964662e-05
9.00585247620478346e-04
-1.83021759834065358e-03
-4.30745070164252836e-04
1.72107392031010335e-03
-4.61810351824249094e-04
1.30828934014309297e-04
-1.37617821034933066e-03
1.30821316591053349e-03
3.04108040028696269e-04
-9.94621426703365136e-04
2.80264445155045271e-04
-9.50544731413866537e-05
8.63842201925155281e-04
-1.30951860389280921e-03
3.92004751170884009e-04
3.00016821266450905e-04
-5.38248713789326759e-04
-1.81361284624710032e-04
-3.61426754306836589e-04
5.35581640825189605e-04
-1.06917483357541723e-03
3.49187587886126975e-04
1.14243452086264350e-04
-1.42660912606729410e-04
8.03243243286595222e-05
1.49860804391793061e-05
3.01895914092068906e-04
-7.25555316771838918e-04
4.89282911689025769e-04
-2.44624712801452229e-04
5.69493744217834403e-05
7.67158000435072052e-05
9.26610778391200366e-05
-9.89085571495758060e-05
-2.25260973804316069e-04
3.23972106315382395e-04
-2.79911626398364748e-04
2.40850596498463280e-04
-5.94478802429993284e-05
-4.65502118882569468e-05
-7.85483684222076391e-05
7.03550864166352949e-05
5.70109577127929932e-05
-1.04601010366228462e-04
1.47490231437870834e-04
-1.99959532549055487e-04
1.24749226964614835e-04
-4.46406075068468634e-05
6.31317872067774818e-05
-8.66197970521807316e-05
5.92644699237257803e-05
-5.03735140206578932e-05
3.26584586104678777e-05
6.54943619879754224e-06
-1.14252479888881948e-05
