# A=20.0 d=42 c=1.1 Hermite coefficients of F
8.67058586150852961e-01
2.59339108093607273e-01
8.37096774393637777e-03
-4.80294878608365783e-02
9.78485467337020937e-04
1.93178970354312661e-02
-9.62320245452305545e-03
-4.68433101496239582e-03
9.44652572488133800e-03
-5.37670256890440505e-03
-1.17077607366805614e-03
4.99658463441313584e-03
-4.86630562722488533e-03
1.86689946590796975e-03
1.00685224761661030e-03
-3.76434687082089240e-03
2.05185755853562381e-03
-3.96227988434610587e-03
-3.11453530702532604e-03
-2.01235646195848088e-03
-5.34147781292192408e-03
9.62659600514397256e-04
4.47172278704738996e-05
2.35773160349393718e-03
2.23173474809273530e-03
-2.53748971843211933e-03
-2.24428762829641726e-04
-1.54033354493430066e-03
1.90485298960237710e-03
1.22234891817793456e-03
-1.67941715345291259e-03
2.23844311636212665e-05
-7.14867757904675324e-04
1.99280102596624152e-03
-7.42027880420369993e-04
-9.95089304051982159e-04
6.97888950310192324e-04
7.12174435973427162e-05
6.11897252890785271e-04
-1.54185602630708810e-03
9.79336409872150898e-04
2.21577364615733476e-04
-5.44606586627516959e-04
-1.20828766317904440e-05
-8.41094181301468434e-05
6.80818871315687271e-04
-1.23145388638239931e-03
6.06675864112976582e-04
-6.02548923265298691e-05
-2.45076367617702009e-04
-8.43248170970695989e-05
8.44898732792856194e-05
3.45438230667094795e-04
-7.43621688396587863e-04
6.68386424558962402e-04
-3.71728994959573487e-04
-6.14953704013352070e-05
-3.50444650880853657e-05
1.23373503783413504e-04
-5.06308244730918980e-05
-1.85392694467229318e-04
4.45199907297974887e-04
-4.85817726026737632e-04
2.99091484192792224e-04
-7.62509520039366577e-05
4.99915589054825398e-05
-1.20832294528272076e-04
8.13571358397576286e-05
-2.97614477140846121e-05
-1.05851206109640057e-04
2.84522901771706947e-04
-2.55018826496336733e-04
1.33701447593626862e-04
-1.08559002530265170e-04
8.09749668620852547e-05
-5.50306248465367827e-05
9.71583761238394516e-05
-1.03172869562399931e-04
1.02697732282349324e-05
5.01662745849451206e-05
-4.06724547111850186e-05
3.49541939794960175e-05
-2.19648907750615976e-05
-1.74811536434595248e-05
3.07251738354438845e-05
-1.06683519059556562e-05
