# A=8.5 d=36 c=1.02 Hermite coefficients of F
8.64775680364172294e-01
2.24702924186137576e-01
-1.82456774139412164e-02
-4.35427065162027616e-02
1.31383791261199048e-02
1.24857739261973258e-02
-1.31593912729780996e-02
2.51601705944150007e-03
5.63903551106478482e-03
-6.86669426991646809e-03
3.28652513022066779e-03
1.03169785984226492e-03
-3.72963212274567309e-03
3.31343509775880235e-03
-2.62861760172568076e-03
-1.56111095960388300e-03
-3.38830743028159000e-04
-5.02414982392608480e-03
-6.44374751447188295e-04
-2.08212186012594197e-03
3.33340856869846673e-04
2.78989318956331675e-03
-3.15771930334872463e-04
7.13794462769239287e-04
-2.13294418283843570e-03
-1.67007344022878051e-04
1.38121707627102065e-03
-6.92880779253618332e-05
2.77048968797874288e-04
-1.54931791167695196e-03
9.13324275250668584e-04
5.17940972676250895e-04
-4.45851264687713788e-04
-2.10066253492049364e-04
-2.21320886838769848e-04
1.00427962867151400e-03
-7.61519956249310202e-04
-7.83176081727412826e-05
2.92835723773494721e-04
9.24959010014595319e-05
-1.71038527264664422e-04
-3.02107649853353231e-04
6.28152957092220025e-04
-4.03922399313428812e-04
-3.31204314388297387e-05
1.29100608264850483e-04
7.25704175068242431e-05
-1.65313720460584632e-04
-3.01253062056716994e-05
2.83209477245835060e-04
-3.07912681605552140e-04
1.10640250368471680e-04
5.07332238848557401e-05
-3.92317696511606520e-05
-6.79356952103781766e-05
1.03271893848988798e-04
-1.22482654972761503e-05
-1.08338007060074508e-04
1.37928770441472933e-04
-7.10137581538027648e-05
-7.95968951165488094e-06
2.89550007391342276e-05
4.75457474123381406e-06
-4.53959530901311786e-05
4.49097940140961446e-05
-8.17366871327663809e-06
-2.43018898530877642e-05
2.74408239650378771e-05
-1.13280362293684473e-05
-8.26535017759451177e-06
1.74025450099390825e-05
-1.19945856340288005e-05
2.16065964895501998e-06
7.47244854729735499e-08
