# A=22.5 d=42 c=1.12 Hermite coefficients of F
8.68157919264527345e-01
2.72049998348507627e-01
1.85051441702009656e-02
-4.88032226611410033e-02
-3.33818078022525208e-03
2.07277779114091350e-02
-7.66592381725766849e-03
-6.79228436186135511e-03
9.65061063939976968e-03
-3.90332194615131221e-03
-2.86043604066282993e-03
5.72835295460815547e-03
-4.32390181414826075e-03
6.55396153003167357e-04
2.27167559629798919e-03
-4.07193834437589650e-03
2.06089773416324919e-03
-2.59560951041740325e-03
-3.68400733512252694e-03
-1.26910112897219329e-03
-6.13945875866468704e-03
-8.54455182970540036e-04
-6.02085884879670439e-04
1.14495058636704481e-03
3.87319946807964267e-03
-1.31141587714121884e-03
-2.03212486898652830e-04
-2.26818505289842678e-03
1.86797734769937216e-04
2.48524319645304246e-03
-8.22236121560397442e-04
3.91267129673913202e-05
-1.78172511625920415e-03
1.38662905520859302e-03
9.34318225355729366e-04
-1.24229054048316826e-03
7.63948622680111437e-05
-4.04137362156293178e-04
1.56528510997390501e-03
-1.17207068705980889e-03
-3.13213461785444964e-04
7.41900262729494066e-04
-1.47523250796886233e-04
2.66821915399957643e-05
-9.10469126610028139e-04
1.17025826655376948e-03
-7.14145061414629473e-04
-3.54799557988317053e-04
1.33626831940235422e-04
-1.23647536395472585e-04
-1.04391956822531481e-04
-6.12180790003995961e-04
8.62156996934575247e-04
-6.06187583621973017e-04
1.11966197412583261e-04
8.73755768060346266e-05
-1.00800930949941360e-04
-2.06715680585130708e-04
-1.83208924929172584e-04
4.08356789079957535e-04
-5.47044197824284408e-04
4.28385354497873316e-04
-1.47140840325440746e-04
-3.44713116425912386e-05
-4.66479562556344394e-05
1.32181015949866848e-04
2.41616232346495991e-05
-1.73694133281488935e-04
2.31396379489299284e-04
-3.78453818726842456e-04
1.95406143140197794e-04
-2.49600033812664903e-05
1.00862233212134890e-04
-1.08676342717899335e-04
4.30174424538766356e-05
-9.43669417799672687e-05
3.09349832501514904e-05
1.03089206115530759e-04
-9.44610259798539314e-05
4.82541462555860002e-06
-2.22927963791032160e-05
1.44393613541751812e-05
2.72442431498342636e-05
1.04549516366349911e-05
-4.35449050730774397e-05
-1.45668492963485276e-08
