# A=14.0 d=42 c=1.1 Hermite coefficients of F
8.72203235778848729e-01
2.67146142717446355e-01
1.40283044602942317e-02
-4.78025810668538179e-02
-1.27626893353885613e-03
1.95144898615500322e-02
-8.26384043931889176e-03
-5.59456807493127154e-03
9.13547373467803528e-03
-4.37144992816607819e-03
-1.93355949168795907e-03
5.03767443191390722e-03
-4.27099305373139157e-03
1.15683765873548453e-03
1.52488727644117437e-03
-3.58364403474988177e-03
1.87353849914513679e-03
-2.98701908494953790e-03
-3.13562638174991193e-03
-1.59492974074265832e-03
-5.28530627389892527e-03
-4.92600273922102171e-05
-2.20445169219908588e-04
1.71913352972464964e-03
2.82268876224239015e-03
-1.70227424173292809e-03
-3.70132224495705459e-04
-1.75343379429073625e-03
1.01720173270967193e-03
1.76717607976067080e-03
-1.11073210133945301e-03
-1.52740019911126599e-04
-1.08188662898546289e-03
1.60768982050107662e-03
1.22819052788602405e-04
-1.09954421061142873e-03
2.71754299370131360e-04
2.03769328804637509e-05
9.33407841967408259e-04
-1.27038208194979766e-03
2.65802395509918531e-04
5.31301867907860896e-04
-3.02210706795590501e-04
-1.38270447203097378e-04
-3.22737980181150678e-04
8.13082997029432016e-04
-8.77656016763879877e-04
4.13100357172039841e-05
1.44920817601010103e-04
-1.56501699362134202e-04
-1.66553659450321392e-04
-1.00950496307763374e-04
5.16622048774873898e-04
-5.70582488559016193e-04
3.11024851704128904e-04
-2.51857612738052216e-05
-1.32870850146975868e-04
-1.20847000203886011e-04
7.35882453902863252e-05
9.20159250758600228e-05
-2.73670565909805562e-04
3.54665906818097819e-04
-2.31310052893629045e-04
2.70437890249509852e-05
2.47447077405313473e-05
6.86458430370721624e-05
-7.43999603289463595e-05
4.52016321030016444e-06
4.35451576544500728e-05
-1.76174006705649895e-04
1.98457000049136829e-04
-6.82812892530720210e-05
2.10440007918662306e-05
-4.72992334799413495e-05
2.38072898008105573e-05
-4.16393887771867124e-05
7.23653275331831815e-05
-1.71636024741915190e-05
-4.70627180981468681e-05
3.06711884187196100e-05
-1.16727109433589451e-05
1.14764466881780064e-05
1.21784265990683104e-05
-2.55579693341829683e-05
7.85203281916678258e-06
2.43235092297924659e-07
