# A=22.0 d=42 c=1.11 Hermite coefficients of F
8.66856846737912079e-01
2.64929580250862662e-01
1.27058375133852278e-02
-4.85224105907387862e-02
-8.92633615302772590e-04
2.00613434073776305e-02
-8.83311134222317974e-03
-5.70016978636453658e-03
9.68374035199152938e-03
-4.82268542994832971e-03
-1.94498146460327093e-03
5.41640757382044584e-03
-4.74007609664393436e-03
1.37122716176392521e-03
1.59314596882803691e-03
-3.99741461276864954e-03
2.14976857211219034e-03
-3.43559585906504355e-03
-3.40467687135612845e-03
-1.69015009500882683e-03
-5.86215110940933697e-03
2.12675612712434235e-04
-2.44702112350637761e-04
1.96232096900648923e-03
3.08513906910551014e-03
-2.11344326828038316e-03
-2.98097335040245319e-04
-1.97508461209033696e-03
1.28936658044665267e-03
1.93364944464757870e-03
-1.40896281674490580e-03
-6.66374318923576309e-05
-1.24236072517017421e-03
1.94568461681349702e-03
-8.94155793528038194e-06
-1.27345023544916469e-03
4.33399057175978906e-04
-3.38957116927628144e-05
1.10745713918589551e-03
-1.58616751178145433e-03
4.66394403227719193e-04
5.77577963068896675e-04
-4.17630849466924426e-04
-8.91926054851476793e-05
-3.96823115538328340e-04
1.04362210812768879e-03
-1.15628644317305605e-03
2.11764106749238329e-04
1.50178619012897741e-04
-1.93155012167535672e-04
-1.50723756447823854e-04
-1.39124675223893418e-04
6.66536370883391615e-04
-8.13738128180608320e-04
5.03755532765448339e-04
-1.14366084039834197e-04
-1.21351610482847824e-04
-1.20689984460345298e-04
9.10955264196330850e-05
1.28011168337807592e-04
-4.00534092122838570e-04
5.35279553972904383e-04
-3.96410930744780111e-04
1.30648327230305271e-04
-1.62010069538980452e-05
9.68680686023489618e-05
-1.13101464393910317e-04
1.78964903976228389e-05
8.55867496821346660e-05
-2.67057228020441302e-04
3.22899384260398159e-04
-1.79278643614280822e-04
8.97644342576602028e-05
-9.55819334128977881e-05
7.23109612801684388e-05
-8.88162170697495159e-05
1.13571966072799422e-04
-4.12996836646192052e-05
-5.38696558606133050e-05
5.95443006194786354e-05
-3.60590390707415167e-05
2.38031102273172934e-05
1.07166206130316724e-05
-3.33994400569971183e-05
1.66930410277134168e-05
-2.14156505658068708e-06
