# A=25.0 d=42 c=1.16 Hermite coefficients of F
8.74736571452985223e-01
2.93516799755620839e-01
3.72286404050957420e-02
-4.57038785317261595e-02
-1.17141808800016144e-02
2.01756587898310885e-02
-1.86016811002383958e-03
-1.00762880501024769e-02
7.96262336330908968e-03
1.21574973435713274e-04
-5.56022269741219752e-03
5.42603860470980501e-03
-1.74940556538070394e-03
-2.17017016919171003e-03
3.84111621692430610e-03
-3.28011329493919229e-03
6.44075369000853557e-04
7.04873948996701492e-04
-3.78330881544655401e-03
4.92764497391645151e-04
-4.21207884211798750e-03
-3.31296628424915772e-03
-1.22367550010072453e-03
-2.83961559695504809e-03
2.89066933084429316e-03
1.03664877012619831e-03
1.22381171020870651e-03
5.30358434625500174e-05
-2.99217147988975127e-03
8.67262915630487925e-04
4.28594138662274395e-05
1.58816012733997290e-03
-2.98337743652049418e-04
-1.88855108509495542e-03
1.05106499117041006e-03
-2.44023023581551972e-05
1.04281032531218639e-03
-1.35551946935008128e-03
-2.56846863544604449e-04
1.19431877154774148e-03
-4.73372261562937874e-04
1.05672534176708035e-04
-8.90716089230113696e-04
1.20667631787873706e-03
-2.82206623403931682e-04
-6.12573906540772074e-04
4.60747701799677737e-04
-5.43809179131915597e-05
3.03927313734385644e-04
-8.97140446060495445e-04
8.23848906723131979e-04
-1.97985136713652222e-04
-3.23504272719048257e-04
1.84360135958057370e-04
-3.13441935941033032e-06
1.37267808684143574e-04
-5.51430799901521211e-04
6.61557675043038620e-04
-3.65465630692269824e-04
-3.78449196117988597e-05
1.29792310872377719e-04
-2.17937529411420109e-05
-2.20622814175446425e-05
-1.42675078091090518e-04
3.91237769285064261e-04
-4.39048009057330612e-04
2.48661631323594053e-04
-5.41572670708370609e-05
-3.17455394663152354e-05
-1.36072822169648383e-05
6.98366160557840638e-05
6.64448796510439844e-06
-1.54759012682530698e-04
2.17417235692000553e-04
-1.94852040619247248e-04
1.04477374485844850e-04
-7.75891207155016463e-06
-1.08779878554778091e-05
-3.14661246706429904e-05
3.62407718382654119e-05
-5.00673116586805730e-06
-3.39979294024867948e-05
6.60983653495701668e-05
-7.56082451283615500e-05
3.60582204348174664e-05
-5.79207232171790178e-06
