# A=29.5 d=42 c=1.19 Hermite coefficients of F
8.78894393912708072e-01
3.09966038081432860e-01
5.19196221277826997e-02
-4.22474250323079531e-02
-1.75809868696932062e-02
1.85257324547515763e-02
2.51415108382806868e-03
-1.13602148970486302e-02
5.60561521183489640e-03
3.13225140780916747e-03
-6.63906978496016549e-03
4.10633478544081103e-03
6.33860869908909642e-04
-3.91472482491129342e-03
4.03973935472116789e-03
-1.95944539688872651e-03
-1.06538429782433611e-03
2.31582253607661402e-03
-3.74710044406278584e-03
9.89634014560568549e-05
-2.64805426506792502e-03
-5.28455003510240866e-03
-2.10009976187223394e-03
-5.50535560573955397e-03
-4.74634317076971486e-04
1.28996012226488760e-03
1.46956256282707249e-03
3.36039297048762930e-03
-2.07997408984977395e-03
-9.93235871832078617e-04
-1.25941472836245080e-03
5.24497663005261115e-04
2.51392742732646675e-03
-1.37207249394109419e-03
-2.58616912970243925e-04
-1.06143016810291411e-03
1.21789776502339328e-03
9.26453541277532169e-04
-1.55302776304711118e-03
3.28605876964460403e-04
-2.42867086341603671e-04
1.22633768126331148e-03
-9.43267133642086675e-04
-4.52241494631498123e-04
9.14263645570860127e-04
-3.14449279420546282e-04
1.52194516946543758e-04
-8.08473643183894039e-04
9.96333567989633479e-04
-3.54224354121935269e-04
-4.61498567759814171e-04
3.47530833967900192e-04
-1.96335431670896412e-04
1.17458620275472830e-04
-7.45561390955380319e-04
6.75742977981094446e-04
-4.17200908883920548e-04
-1.24317301049024071e-04
2.40464066284387505e-04
-3.28599667608263596e-05
1.15285870342277135e-04
-3.11296355802987844e-04
5.05060673898537335e-04
-5.23395051185183220e-04
1.71087958147642441e-04
1.38059284947097548e-05
-3.17814181870784170e-06
5.42304142098749505e-06
-4.51195848706213752e-06
1.17626112723971232e-04
-3.06907867928926626e-04
2.87543503461328638e-04
-1.49875246238470095e-04
8.36580916511812911e-05
-3.25352104497298941e-05
2.66814297717080735e-05
-9.27622336634343627e-05
5.24983666639521144e-05
4.08053113325311325e-05
-6.48583364652810599e-05
4.63360614943405559e-05
-2.33935928372524989e-05
-2.45838314314418202e-05
4.86280297945836934e-05
-2.11466911472106644e-05
-1.58983901093105710e-08
