# A=33.0 d=42 c=1.16 Hermite coefficients of F
8.71546057559671294e-01
2.90585403201122583e-01
3.49399470983444010e-02
-4.65453766081489473e-02
-1.10020487737303146e-02
2.06946070051109363e-02
-2.48642836772398207e-03
-1.01174320956965644e-02
8.47395641259248225e-03
-2.76451906839543168e-04
-5.59454092345622149e-03
5.79025348578652947e-03
-2.13351773807244315e-03
-2.02591054802392801e-03
3.98165958348387083e-03
-3.61578406728980907e-03
8.96600016394100922e-04
4.81664571155277291e-04
-4.02819063758833810e-03
4.73898517871699241e-04
-4.74582685258825594e-03
-3.33441201398434204e-03
-1.26881783664459756e-03
-2.72393893853734850e-03
3.39297407567916041e-03
9.51748200794839722e-04
1.20892690521291713e-03
-2.97785779855374243e-04
-3.12325754174421410e-03
1.24665683948062289e-03
8.41908784326250801e-05
1.65530079596228042e-03
-6.74858739824048780e-04
-1.86493068722873518e-03
1.34914232880229074e-03
-6.78254446171830047e-05
9.73463053517464806e-04
-1.59658209817825376e-03
4.36061008627320549e-05
1.24453436608934096e-03
-6.74502352668413570e-04
1.04390062356334175e-04
-8.27267153323979075e-04
1.38130371244173642e-03
-5.77393923246502299e-04
-5.23479395156164497e-04
5.67871713448461182e-04
-1.11806427482718487e-04
2.07519330346577218e-04
-8.95210124831930291e-04
9.74996839823191459e-04
-4.22147271389811932e-04
-2.82986273679232641e-04
2.46478140334964956e-04
-3.43987726914182735e-05
8.11590474803438482e-05
-5.02548364555393482e-04
7.47885925633405210e-04
-5.29853916286406176e-04
6.52821378006626478e-05
1.16832843952315892e-04
-4.65043960015596830e-05
-4.04107162288456557e-05
-6.63668945143986366e-05
3.53041596854140828e-04
-4.85350564027442759e-04
3.24504676623930965e-04
-1.14742120026561044e-04
-1.96012101172800924e-05
1.24501523002270133e-05
7.05002383514533536e-05
-3.52415762739388162e-05
-1.24917832138475338e-04
2.17040677369208815e-04
-2.20408965904507969e-04
1.49937091527237203e-04
-4.07814118981009285e-05
-9.76003625679352160e-06
-2.98761298632185910e-05
5.26134323244528137e-05
-2.61825738637524986e-05
-1.31672784407984851e-05
4.70069355049960910e-05
-7.14571534579200269e-05
4.55213752486617200e-05
-9.92705227535323560e-06
