# A=29.0 d=42 c=1.19 Hermite coefficients of F
8.79001778520548283e-01
3.10200985751623637e-01
5.21108981523667261e-02
-4.22045241501499413e-02
-1.76358419181305084e-02
1.85017482635665767e-02
2.55199391643724793e-03
-1.13604304207933528e-02
5.57993989052055304e-03
3.15129341033913105e-03
-6.63409324365005562e-03
4.08673125611018484e-03
6.50728812702437188e-04
-3.91583916487897067e-03
4.02641484842657799e-03
-1.94025689320584914e-03
-1.07680810305757664e-03
2.31879000382799721e-03
-3.73179210583569985e-03
9.16451994409303583e-05
-2.62536331010022493e-03
-5.28075651062270227e-03
-2.10139532398414229e-03
-5.50559612235101449e-03
-5.07004602847535698e-04
1.27827058237816064e-03
1.46014300969766835e-03
3.37220995007424425e-03
-2.05133025106082976e-03
-9.97679296218521947e-04
-1.26612956419560945e-03
5.03146502946058495e-04
2.51990831347757589e-03
-1.35117123610307109e-03
-2.62125864202933433e-04
-1.06986051159722114e-03
1.20230502772509791e-03
9.42945036840686038e-04
-1.54371737717031755e-03
3.16517492587435568e-04
-2.47278289531887695e-04
1.22741557727941300e-03
-9.27298460310229831e-04
-4.65148633314621204e-04
9.09766385738526627e-04
-3.05432170412763991e-04
1.54248782811762519e-04
-8.12260015978363576e-04
9.88239716831152727e-04
-3.40664214665626491e-04
-4.66846236664105341e-04
3.42158672425523858e-04
-1.94861644874753698e-04
1.18298135760887312e-04
-7.49584117944197673e-04
6.66494052171141761e-04
-4.09204944457586500e-04
-1.31141970824856551e-04
2.38876302255569811e-04
-3.03079787179525817e-05
1.17948541692860668e-04
-3.13490010176294901e-04
5.03047635266959761e-04
-5.19339152145583413e-04
1.62735019575975396e-04
1.67369280988216964e-05
-2.78778413889364059e-06
5.53850608015393937e-06
-5.95140335498488119e-06
1.19139644001477863e-04
-3.07811228047403347e-04
2.84343919511099693e-04
-1.45478359100468103e-04
8.14884917146674673e-05
-3.15274933891674514e-05
2.56983957443389886e-05
-9.38528663149240487e-05
4.96467789050967308e-05
4.20460328473435622e-05
-6.46739403387957981e-05
4.47945165658265908e-05
-2.32120116096277360e-05
-2.56902836947536762e-05
4.84148830654921705e-05
-1.95216757098566032e-05
-1.49242974994188319e-08
