# A=15.5 d=42 c=1.1 Hermite coefficients of F
8.70739746181613206e-01
2.64725678070017956e-01
1.22507146866719582e-02
-4.78433302634896640e-02
-5.71066339080269353e-04
1.94335101716630772e-02
-8.66838671341577799e-03
-5.32308547805284988e-03
9.23426451865081224e-03
-4.68373462825739419e-03
-1.69535645719526458e-03
5.01709702614299390e-03
-4.44506268172886222e-03
1.36824111145641102e-03
1.37014704788731060e-03
-3.63227028941255289e-03
1.93492426597425453e-03
-3.26607657157128957e-03
-3.11326912794649118e-03
-1.70203646118241309e-03
-5.29233409665935163e-03
2.67533876489342397e-04
-1.34569994352743555e-04
1.92378348969772560e-03
2.64843905272001915e-03
-1.96531624159885241e-03
-3.44688224077884832e-04
-1.69255829194866862e-03
1.30464400347790371e-03
1.62386487397879324e-03
-1.29684503402411385e-03
-1.22597441530320611e-04
-9.68551195525333341e-04
1.75437807572589215e-03
-1.33929265380743718e-04
-1.10365353596899598e-03
4.04915147056538220e-04
5.81763387051219532e-05
8.44524831297807643e-04
-1.37589430087356772e-03
4.87273794184669127e-04
4.67698674137314500e-04
-3.89218864313105447e-04
-1.12384030898135111e-04
-2.35196610193027605e-04
8.00215772623162234e-04
-1.00273961217453881e-03
2.14494334234752420e-04
1.18823508937952651e-04
-1.90550603055874738e-04
-1.42781935155310177e-04
-3.21390924470359596e-05
4.81401448732849389e-04
-6.47529193901002879e-04
4.29472600410981428e-04
-1.10943859809845810e-04
-1.25551103074292053e-04
-8.84497906513173593e-05
1.02126265726388990e-04
4.77099824393942143e-05
-2.61446670650982262e-04
4.00634938077828334e-04
-3.16011133291064865e-04
9.86617552383689100e-05
9.19807314420686669e-06
5.88064724925682430e-05
-9.18572216963714505e-05
3.24115466538784259e-05
2.71538344909040335e-05
-1.68223940088167744e-04
2.37495112863314400e-04
-1.28499063911346556e-04
4.87724156067461615e-05
-5.81931595883576961e-05
3.99125335992815342e-05
-4.73974295131017280e-05
8.36115422201678634e-05
-4.46278746433481362e-05
-3.49537649045412113e-05
4.40429805128515989e-05
-2.37385472222471526e-05
1.88542765943830101e-05
3.81722367812462076e-06
-2.63365664712052162e-05
1.65208282448240206e-05
-2.64935317525667350e-06
