# A=31.0 d=42 c=1.18 Hermite coefficients of F
8.77145963287655372e-01
3.02449499382703157e-01
4.53025384891344723e-02
-4.36495418798107937e-02
-1.51388971559858875e-02
1.92414950125730823e-02
7.41862874952377294e-04
-1.09390053583193099e-02
6.60070234176799234e-03
2.00031520168510515e-03
-6.34801521572842149e-03
4.71854570488251454e-03
-2.62623090761465207e-04
-3.38021293182590166e-03
4.14855800115147919e-03
-2.59152166126811563e-03
-4.18737455019255753e-04
1.81935657721078812e-03
-3.99966615859999146e-03
3.56598098747620395e-04
-3.48087599156198012e-03
-4.75712873440960367e-03
-1.85681467651857991e-03
-4.70796392914092643e-03
1.09236868280804321e-03
1.51804187236872839e-03
1.64495191520196062e-03
2.17643566443074307e-03
-2.96944368387527758e-03
-4.69997414097459874e-04
-7.09658524760653497e-04
1.36858843105602162e-03
1.61654070671052048e-03
-2.03871889501983442e-03
9.35657502511511247e-05
-5.35257735280853810e-04
1.57517370352242177e-03
-1.31681304831679242e-04
-1.44059043513828679e-03
8.42854001411666985e-04
-8.70630563293605720e-05
7.95761833668902439e-04
-1.32452562001927681e-03
3.56623813438542141e-04
7.36260525114322984e-04
-6.30321423531820710e-04
1.16780135981229345e-04
-3.87412642360513803e-04
9.78938526036505748e-04
-8.66111035673896592e-04
6.20588458098832131e-05
4.03674750219064631e-04
-2.76627959252924265e-04
5.01426861486235775e-05
-3.20873662737857705e-04
6.91857650214860185e-04
-7.01201159828730583e-04
2.59322980135988520e-04
1.31226706216331745e-04
-1.75103693485433026e-04
5.95850991911759769e-05
-1.10214945844015657e-04
3.54736682774573452e-04
-5.56795941141863455e-04
4.80974917271279447e-04
-2.21807674151783686e-04
3.27460853104581348e-05
5.24313031835830839e-06
3.24474982055046384e-05
-1.56548213222816254e-05
-1.29093475740469336e-04
2.68963070637575914e-04
-2.85201436507022052e-04
1.94693462802384104e-04
-8.68057478682583358e-05
1.03675614178332608e-05
-2.85313402043551097e-05
4.60848394089256159e-05
-2.48075151644673272e-05
-5.66186318962003284e-05
8.07415367718786458e-05
-1.09222472518211630e-04
5.34929311556832485e-05
-2.48743389740303832e-05
-1.96231031356227346e-05
-9.10424160458067568e-10
