# A=19.5 d=42 c=1.1 Hermite coefficients of F
8.67480986813057298e-01
2.59840361550967791e-01
8.73998784712922555e-03
-4.79936346401465402e-02
8.29779942256967870e-04
1.93171813366773207e-02
-9.52190651679085329e-03
-4.74903116937830556e-03
9.42658518666602066e-03
-5.31192096320909531e-03
-1.21631322702531880e-03
4.99163440925300128e-03
-4.81845250495412623e-03
1.81559205861589294e-03
1.04285003002780349e-03
-3.74755380462374419e-03
2.04059857050265404e-03
-3.88840431033447755e-03
-3.10941486390367561e-03
-1.97763102494291371e-03
-5.33031793036672485e-03
8.94581314294970453e-04
2.89711506155317967e-05
2.31401553502480440e-03
2.27254812379574329e-03
-2.48368502184130330e-03
-2.38604977863529633e-04
-1.55548760045364615e-03
1.84973109675803677e-03
1.26291841550477319e-03
-1.64215475326329207e-03
1.32115388241860405e-06
-7.36631803210486148e-04
1.97329498411398995e-03
-6.79739346307866232e-04
-1.01446734961165930e-03
6.71053175929792233e-04
7.30585062463237015e-05
6.36403359693826277e-04
-1.52961205773250483e-03
9.36880629640909901e-04
2.48167698165660847e-04
-5.26433082034483786e-04
-2.56354394850113792e-05
-9.23316702288661071e-05
6.97403741980709489e-04
-1.21678652089727093e-03
5.65938471292750148e-04
-3.94529887604702428e-05
-2.44851754560620886e-04
-8.79165030172593051e-05
7.99967983835057211e-05
3.55259817512153752e-04
-7.33899568301972526e-04
6.46925943657778455e-04
-3.43310794503204916e-04
-7.37982322314590256e-05
-3.77935794120118546e-05
1.20413188310859243e-04
-3.80746718621336377e-05
-1.95218811669149034e-04
4.44658168163207437e-04
-4.72500313188150862e-04
2.80624561604236140e-04
-6.89642865081518920e-05
5.41731046280693085e-05
-1.18111105475943742e-04
7.53996846509861064e-05
-2.60604995007746227e-05
-1.15887941501562324e-04
2.83614523232956703e-04
-2.45430164559255206e-04
1.24083993064990304e-04
-1.00360784887793520e-04
7.72848468390603021e-05
-5.31943530628993977e-05
9.78950700135777232e-05
-9.90817874919060443e-05
4.23217840206629569e-06
5.15853001593194796e-05
-3.91132378822073843e-05
3.43071960913248950e-05
-1.96944546060615504e-05
-1.89069248672057069e-05
2.93429381087651262e-05
-9.67012930153588921e-06
