# A=9.0 d=42 c=1.06 Hermite coefficients of F
8.74757301554955014e-01
2.49658704635657536e-01
1.02772675418206366e-03
-4.58173467136155713e-02
4.15614912536304421e-03
1.69468238154845442e-02
-1.01909558487334653e-02
-2.61435854954851542e-03
8.06980019367033521e-03
-5.55143639240266405e-03
1.22938750135899097e-04
3.66706938431992811e-03
-4.27839652530046660e-03
2.23683232600725007e-03
-2.95588965129902053e-05
-2.80007253184659001e-03
1.31374380741502376e-03
-4.06270814826343880e-03
-2.35738847741453345e-03
-2.24712065610316184e-03
-3.46542751377064461e-03
1.65094788633904756e-03
4.79207347722583306e-04
2.15136733876432167e-03
4.48613084367703412e-04
-2.26087353474791180e-03
3.01645870748683785e-05
-4.15864022545829463e-04
1.81953597874193011e-03
-1.48509905785169428e-04
-1.30967463162593801e-03
2.87711715069287918e-04
1.30855178053522589e-04
1.01122052769536479e-03
-1.16172247125791812e-03
-1.16946209451501107e-04
6.68191464309091879e-04
-4.59913827629678060e-05
-1.52258383833760625e-04
-5.50038477430709856e-04
8.89358978870316433e-04
-3.46618199494670872e-04
-3.11781409924411271e-04
1.67838143835141620e-04
9.35257051490021740e-05
-1.02418742821067956e-04
-4.53667229654524827e-04
4.93047478802483268e-04
-2.85351754515517433e-04
-1.18057308353245008e-04
1.16668992005768493e-04
8.30662182982818699e-05
-1.31852174556284612e-04
-1.29854053073514978e-04
2.25201334390679305e-04
-3.31965584727593151e-04
4.32252595847362682e-05
5.82048373618772254e-05
-1.68218452751249395e-05
-4.99539432707869064e-05
8.25140184355810814e-05
1.34575777614901566e-05
-1.13237374830007365e-04
1.44181570377568643e-04
-8.55748789547272160e-05
-4.09377955413520102e-05
4.54065379673904482e-06
1.77034728197214143e-05
-1.06912797636769699e-05
5.31943274978895176e-05
-1.49242894518141693e-05
-7.47894483740958998e-05
4.10340203124218974e-05
4.94893763747849083e-06
9.99812298452473986e-06
1.57003356520977523e-06
-2.97714225580149289e-05
-4.48480397926701778e-06
3.07521193335001192e-05
4.39024950407419746e-06
-1.91692735011115347e-05
-2.35350980770583943e-07
-7.27491985501416507e-06
1.31165506801662291e-05
3.63721361913310365e-06
-7.95013648538404010e-06
