# A=23.5 d=42 c=1.14 Hermite coefficients of F
8.71795635310130490e-01
2.83114083877552603e-01
2.79479389566099842e-02
-4.75990612076709479e-02
-7.69411690610513795e-03
2.08420748170427446e-02
-4.84881984800657716e-03
-8.68678964148674425e-03
9.15389491332706771e-03
-2.04074153012549081e-03
-4.30805662267866145e-03
5.81862757904149167e-03
-3.21662395124133228e-03
-7.05364231663208573e-04
3.19193797829369621e-03
-3.80747479875821358e-03
1.54200070546229836e-03
-9.12648211726342466e-04
-3.79756932343476659e-03
-3.66721529381372697e-04
-5.59149891306934092e-03
-2.45996661655852435e-03
-1.17589292649195954e-03
-8.83438407502593797e-04
4.05888127119291911e-03
2.36146159873677785e-04
5.25720229092995145e-04
-1.70531306762393528e-03
-1.93990500318308619e-03
2.19159780055039072e-03
1.08895678024323339e-04
9.11730073836769191e-04
-1.80113726204697978e-03
-4.72100922984561864e-04
1.70722677970545867e-03
-4.32423530575285289e-04
1.34856816940791746e-04
-1.37851394585226982e-03
1.27070318212360806e-03
3.39476555514765061e-04
-9.89111662661903415e-04
2.59844280173527242e-04
-1.00017572379891410e-04
8.72751321867364094e-04
-1.29046454922710418e-03
3.52290819399065259e-04
3.13809014200341712e-04
-5.32065619812927622e-04
-1.91162675255764753e-04
-3.77655844680684733e-04
5.35710311774186660e-04
-1.05990260193943140e-03
3.15913768123168067e-04
1.28772239404855674e-04
-1.38924829298889014e-04
7.67682672013824470e-05
1.06164642894157461e-05
3.12665848188911145e-04
-7.26776700290760760e-04
4.68768346924873860e-04
-2.24095742125738332e-04
4.74739038488020343e-05
7.78268675312238838e-05
9.63259739064021355e-05
-9.71328602062440899e-05
-2.33807932531521776e-04
3.18552230384626194e-04
-2.63528488123350728e-04
2.20787223027550108e-04
-3.97698103485080137e-05
-5.63657434314020716e-05
-7.72205664550194696e-05
6.45806268553448485e-05
6.30616597809560909e-05
-1.04329661844336115e-04
1.39468277729021544e-04
-1.84256690659918843e-04
1.02262854805048350e-04
-2.41884570395130532e-05
4.81803973428477413e-05
-7.30282492843698048e-05
4.45372262812186270e-05
-3.69581900066003456e-05
1.93718356667147833e-05
1.68958054575780795e-05
-1.48662791239039130e-05
