# A=31.5 d=42 c=1.17 Hermite coefficients of F
8.74185166458718910e-01
2.96625330503683671e-01
4.01925487409660054e-02
-4.52394826206103107e-02
-1.30862774688494093e-02
2.00675310939560057e-02
-9.06318511915815000e-04
-1.05984998812932336e-02
7.61866946513618890e-03
8.44187073511038985e-04
-6.01263497923199691e-03
5.31199175744919826e-03
-1.23090481695988961e-03
-2.71118437492522037e-03
4.08725889108572070e-03
-3.12236140931982297e-03
2.46823004806553232e-04
1.21247276357782513e-03
-3.99503041822472579e-03
5.73618858848323537e-04
-3.99550061521742120e-03
-3.87735548466121988e-03
-1.37763086721137728e-03
-3.61794508782507015e-03
2.39896617570814746e-03
1.29705542414224528e-03
1.43166099841900499e-03
8.52877490354419544e-04
-3.23911631106211639e-03
3.83463019976922688e-04
-1.92931217323142473e-04
1.68101484546649064e-03
4.37857130110153926e-04
-2.18384947946212524e-03
7.17293129874847237e-04
-1.43739528954256630e-04
1.39797898688020237e-03
-1.03943146232290300e-03
-8.47622458469315487e-04
1.22567809395869197e-03
-2.77429837117930032e-04
3.31142748124141069e-04
-1.22463777485935050e-03
1.03712936374606704e-03
1.83669196198380153e-04
-7.65444040607867870e-04
3.24109638492196719e-04
-1.04226059731858960e-04
6.32175963119381459e-04
-1.06154112959683028e-03
6.21203964321646049e-04
1.19452120217609204e-04
-3.77676759557170490e-04
1.02492359850007086e-04
-5.04637688608572453e-05
3.84975423918063812e-04
-7.41783072445252253e-04
5.93561353121900689e-04
-1.52977517099698993e-04
-1.61907359444011969e-04
1.13615785329113686e-04
-2.21895297066604120e-06
9.14572171276147451e-05
-3.55634137939735877e-04
5.24080386998024999e-04
-4.15632775370412496e-04
1.57023169027543702e-04
4.69499399319381772e-06
-1.28937116750628075e-05
-5.13948147655191750e-05
2.91593666370510785e-05
1.20914983217656504e-04
-2.55238250544136353e-04
2.58538582151346061e-04
-1.72368115542716427e-04
5.03692000152849658e-05
1.24490263209278207e-05
9.75573330146525575e-06
-3.85016797586067194e-05
7.20820354261401356e-06
4.11370766447480664e-05
-8.79891810555488908e-05
1.01118618365664191e-04
-7.38764694649752585e-05
1.86825477603282065e-05
-1.46749335918504057e-06
