# A=3.5 d=36 c=0.51 Hermite coefficients of F
6.64604127679930934e-01
-1.64622752701222175e-01
1.77888124085439255e-02
2.66141358881786042e-02
-3.14669730348084709e-02
2.26559914305894082e-02
-1.15204105321578681e-02
2.52146022130725171e-03
3.14552381644975319e-03
-5.76269811118643085e-03
6.15987060459659286e-03
-5.21910725029928885e-03
3.66862004004480172e-03
-2.02073419960429419e-03
5.91393087833020324e-04
4.70076215131560180e-04
-1.12969789209696903e-03
1.43224973686633663e-03
-1.45688267129856497e-03
1.29192215137988176e-03
-1.02024074959749340e-03
7.10000271982083901e-04
-4.10197521026912102e-04
1.53284548220581837e-04
4.22363663005913877e-05
-1.71682524783175452e-04
2.41697100682566857e-04
-2.64396648498269374e-04
2.50003421606379689e-04
-2.14115785813829906e-04
1.66503495940104469e-04
-1.16263308470709365e-04
6.95847801214713316e-05
-2.96740103162392509e-05
-5.23529729301976457e-07
1.87263328066844699e-05
-2.83872565697914790e-05
3.04017544296197780e-05
-2.71552547060320294e-05
2.13462719004711140e-05
-1.48386381787664605e-05
8.03213720562590981e-06
-3.29936998415207680e-06
1.49810825161462709e-07
1.37994545231302551e-06
-2.36054342586375419e-06
2.02252970530392747e-06
-1.26662924878407138e-06
-1.25302969620274141e-07
3.45247075407751789e-07
-2.76934731951937701e-07
1.84988881468393690e-07
-5.68452968764153531e-07
8.69131735316185853e-07
4.22439713830956190e-07
1.63880655179576970e-07
-4.78577157980090810e-07
-1.16236987330690922e-06
6.94233723064980658e-07
-5.24112858795656631e-07
6.92240439720629970e-07
-1.13647877902023163e-06
1.12277598445676568e-07
-1.07537341345867503e-06
-7.37523563748633299e-07
-2.06095107526622153e-07
-1.35263283557115365e-06
1.98963924715275407e-07
-2.95798724399597764e-07
9.80424804519503673e-07
3.34191747055666093e-07
7.67837196581474054e-07
3.05862392067283065e-07
-3.51737525035659823e-09
