# A=7.5 d=42 c=0.63 Hermite coefficients of F
6.99627896825004147e-01
-1.00371674013227982e-01
-3.30779631300463089e-02
4.68201313509304384e-02
-2.77579850014372416e-02
6.39714237925056127e-03
7.19448403090196947e-03
-1.32595760588313811e-02
1.24060442645428735e-02
-8.76280631100483098e-03
4.16594568141677446e-03
3.82436701575845917e-04
-3.62018305303429214e-03
5.10349837655817585e-03
-5.29740993527595076e-03
4.70350014130062159e-03
-3.49611953755232536e-03
1.87424758646025720e-03
-2.11058687605109973e-04
-1.10448190101293921e-03
1.93643728163681982e-03
-2.35725088023600862e-03
2.49766380795895995e-03
-2.39306124739271410e-03
2.04142762949810009e-03
-1.46666945180575197e-03
7.82311759335639666e-04
-1.28856385501479860e-04
-3.84867468550111362e-04
7.39437219378485120e-04
-9.61301174417165082e-04
1.09743552815894574e-03
-1.15748321774518728e-03
1.13072059200490732e-03
-9.98959985256882808e-04
7.71194984495781992e-04
-4.83710764728825608e-04
1.92508014442070946e-04
5.73075775734846840e-05
-2.43159349354538415e-04
3.70404474359829370e-04
-4.56718351760438594e-04
5.19858696984408009e-04
-5.63906667155371398e-04
5.81471760543868731e-04
-5.60733944364903225e-04
4.95736386813682090e-04
-3.91093409716243101e-04
2.63680026106028116e-04
-1.35290565333497261e-04
2.44798302185386384e-05
5.89007326186850324e-05
-1.15361179362117466e-04
1.52248480380052695e-04
-1.79551586221742335e-04
2.03079485018722557e-04
-2.24161725040855056e-04
2.38709499751403001e-04
-2.40641185465016055e-04
2.25511809689955914e-04
-1.92598092666194015e-04
1.46393369226622861e-04
-9.41761209875536219e-05
4.47111046748267891e-05
-4.64551819711944486e-06
-2.32132314398721053e-05
3.94879931370058169e-05
-4.76134108434748138e-05
5.20933916797588551e-05
-5.61956082206510355e-05
6.18262557379175919e-05
-6.86302594956649447e-05
7.42702823318956202e-05
-7.65995559570544307e-05
7.36849264304831580e-05
-6.51154311918403602e-05
5.16386499876515478e-05
-3.57672644219543623e-05
2.00146596660241659e-05
-7.01491268916235603e-06
-1.74087396107684835e-06
6.18030942225105084e-06
-6.85755730590381530e-06
5.27387878350875280e-06
-2.86433223827789975e-06
9.65752193439962296e-07
