# A=17.0 d=42 c=1.1 Hermite coefficients of F
8.69487417601092050e-01
2.62694035739901299e-01
1.07770275677881097e-02
-4.78779399122644667e-02
9.19045014765099144e-06
1.93741241822116377e-02
-9.01619033819485091e-03
-5.08436455663184919e-03
9.31017396807445365e-03
-4.94289606835337202e-03
-1.49426863344957923e-03
5.00034350099314885e-03
-4.59426368173317980e-03
1.55310871780364214e-03
1.23179967160881023e-03
-3.67015448700964411e-03
1.97818399464255203e-03
-3.51053300895349304e-03
-3.09885796089328855e-03
-1.80533858648654127e-03
-5.29211669587535856e-03
5.28768642470639288e-04
-6.24028441595023131e-05
2.08566982158341985e-03
2.49021532832040130e-03
-2.18114235780342367e-03
-3.08458369888115532e-04
-1.63351718072570233e-03
1.53665555942300450e-03
1.47912066119692143e-03
-1.44383365177386952e-03
-8.13848064795204729e-05
-8.66831798017708103e-04
1.85169318193874159e-03
-3.59315854902513552e-04
-1.07794015963009267e-03
5.16117727531564688e-04
7.48862157156409075e-05
7.56293383124911791e-04
-1.45224465417715764e-03
6.74340241310026050e-04
3.89736969801629638e-04
-4.52402569515949668e-04
-8.04197803308104157e-05
-1.68176471795106100e-04
7.64332216737300145e-04
-1.09749971188824913e-03
3.60751721845861705e-04
6.96036779702988292e-05
-2.18927805944638798e-04
-1.23197527803817382e-04
1.93749841333612917e-05
4.35477718273532481e-04
-6.91370205320917782e-04
5.24849910238890747e-04
-1.99929480437177864e-04
-1.11716531456442858e-04
-6.33372200671500297e-05
1.14546754594252735e-04
1.05507290207505181e-05
-2.38573623352002239e-04
4.26072676440012832e-04
-3.84598393281245562e-04
1.69096670710447341e-04
-1.44528129761333564e-05
5.34121143342857147e-05
-1.03738876728321413e-04
5.33968629402751063e-05
8.07075292937403589e-06
-1.51006522538721003e-04
2.63445588449067315e-04
-1.80239421904886522e-04
7.75444860207732977e-05
-7.34762520581476550e-05
5.45481450158269226e-05
-5.05406590855940040e-05
9.22282225454972200e-05
-6.73400524482450089e-05
-2.15366875786543910e-05
4.94022756376024362e-05
-3.15929382349655819e-05
2.58040502855044852e-05
-4.98087972275363143e-06
-2.45509308768527636e-05
2.24085043976313822e-05
-5.11703230700637972e-06
