# A=21.0 d=42 c=1.1 Hermite coefficients of F
8.66248635740683781e-01
2.58373870669722394e-01
7.70343195022650529e-03
-4.80928326698607245e-02
1.24258025267930117e-03
1.93255997044976847e-02
-9.80244650332534086e-03
-4.58299436301266936e-03
9.50472432256828370e-03
-5.50983447688578945e-03
-1.08180281274172438e-03
5.00666388789758159e-03
-4.95224072952897987e-03
1.95796816969584942e-03
9.49098064279949743e-04
-3.80468528688978139e-03
2.08099896213214579e-03
-4.10182153529319981e-03
-3.12686959990721765e-03
-2.07280786022322238e-03
-5.37136112082415781e-03
1.08776682547704110e-03
6.78635423345969740e-05
2.43362877702499140e-03
2.16571593632065027e-03
-2.64289243510355994e-03
-1.91173705053379822e-04
-1.52122982588890785e-03
2.00663009286666024e-03
1.14886797817716907e-03
-1.74299562208026339e-03
5.75636912522713292e-05
-6.80514200492746005e-04
2.03377932771934980e-03
-8.48042301467930178e-04
-9.69106077334191637e-04
7.47404684878512967e-04
5.95583631197882271e-05
5.78664231370241001e-04
-1.56284533903457363e-03
1.07065406570209945e-03
1.64521013361333787e-04
-5.55422966649940834e-04
6.23926483837850118e-06
-5.82572396779759878e-05
6.56036164712594941e-04
-1.26658431144503888e-03
6.70742347210525952e-04
-1.03251725465871788e-04
-2.53076535320396329e-04
-6.69122123655524156e-05
1.02504595977677534e-04
3.12519559487012201e-04
-7.47968776769802239e-04
7.04195717421111575e-04
-4.22241938513510896e-04
-4.60435060916271083e-05
-2.85022187718591007e-05
1.19875875634921857e-04
-5.93027101251157563e-05
-1.69511975183791856e-04
4.45575386426644564e-04
-5.10380138736986040e-04
3.37414345297939945e-04
-1.01975669002795353e-04
5.58731579152781967e-05
-1.24880234022963128e-04
8.65580717813407797e-05
-4.16212260484519566e-05
-9.24114620395188749e-05
2.85854912680262954e-04
-2.75167870214872916e-04
1.47070308631589753e-04
-1.13698225084547634e-04
8.85248430751017367e-05
-5.48411231477837987e-05
9.70504296516172906e-05
-1.12406214089866069e-04
1.95065463825986425e-05
5.00574765187604030e-05
-4.24381871465405903e-05
3.74691417753146021e-05
-2.74375090424898128e-05
-1.46060874372477926e-05
3.19920851103327504e-05
-1.22572220183051531e-05
