# A=27.0 d=42 c=1.19 Hermite coefficients of F
8.79710673827984291e-01
3.11359469584653492e-01
5.30318244401767266e-02
-4.19626842558969496e-02
-1.78787538984918719e-02
1.83596001130805139e-02
2.72809687256340971e-03
-1.13388140480792498e-02
5.44731895102270290e-03
3.23048227173074187e-03
-6.59020376689780155e-03
3.98235086622069582e-03
7.25166799313882622e-04
-3.90421796282043859e-03
3.94738611264335622e-03
-1.84424419388423016e-03
-1.12322568617070537e-03
2.31877526472495585e-03
-3.64607479934792728e-03
5.36169074988211355e-05
-2.51839313895512069e-03
-5.24360887425541142e-03
-2.11234579721032278e-03
-5.48517171701304058e-03
-6.59080620761454215e-04
1.21564612321910237e-03
1.41614969261471234e-03
3.40676559623329187e-03
-1.90662893159548419e-03
-1.01464442459598802e-03
-1.29365699769326157e-03
4.02952120532296858e-04
2.52706170009885447e-03
-1.24025794871187754e-03
-2.75692376612141229e-04
-1.09393801806995593e-03
1.12390296438778857e-03
1.00835293931425367e-03
-1.49054293154510936e-03
2.60251267486884610e-04
-2.65007030209206331e-04
1.22361541506494438e-03
-8.50574069089702484e-04
-5.18751726753225763e-04
8.81721810588945707e-04
-2.66524391462769886e-04
1.62148202427451381e-04
-8.21653946603290424e-04
9.42740452398344118e-04
-2.80476661969066465e-04
-4.87801169417150828e-04
3.09594949997690869e-04
-1.88313340249229031e-04
1.15566601584606618e-04
-7.64415728751703248e-04
6.16825410305161040e-04
-3.70552652105480738e-04
-1.61489112746883510e-04
2.31438192292691904e-04
-1.63044482123582586e-05
1.27144749629728152e-04
-3.19153154955372832e-04
4.88394852077751306e-04
-4.93317867520292534e-04
1.23443274580956107e-04
2.66254621753458020e-05
-7.46615629196786530e-07
7.85487010645471073e-06
-1.08950226152246580e-05
1.25374235300918543e-04
-3.09587136447583866e-04
2.66088409668027790e-04
-1.24963041799033001e-04
7.32094210020423335e-05
-2.82320681849634772e-05
2.01182640824186521e-05
-9.84857192335440224e-05
3.64258667568016174e-05
4.57529930258050295e-05
-6.43248802210538711e-05
3.62165415059820836e-05
-2.34543654787823389e-05
-3.12985760533627502e-05
4.58093767252617661e-05
-1.32343234237918771e-05
-2.41155573730444849e-07
