# A=12.0 d=42 c=1.2 Hermite coefficients of F
8.91683457614715680e-01
3.34537089668049958e-01
7.44018722803045651e-02
-3.49949791066831578e-02
-2.40940497403005147e-02
1.46779940129510220e-02
7.15053290891460441e-03
-1.07062720655248418e-02
1.98443162888745127e-03
5.28093163078001068e-03
-5.58204800993726893e-03
1.39671778055099928e-03
2.61247560194838909e-03
-3.78649373280352548e-03
2.24824363614542803e-03
2.53696170251793869e-04
-2.14248541275626099e-03
2.29164757620510095e-03
-1.78047143691743544e-03
-7.07486347792937471e-04
-9.47190557210485966e-05
-3.90437575515346696e-03
-1.76647835828070755e-03
-4.24598427038283977e-03
-3.57977670519124764e-03
-6.86938450494438521e-04
-6.32064496134326871e-04
2.99073185101409247e-03
1.35148669229313411e-03
-8.97163915561659557e-05
-8.94924510164605723e-04
-2.02675555300797046e-03
1.13561912832235452e-03
7.61677090498841269e-04
5.56035369050499658e-04
-7.03013324599320133e-04
-1.15407009865564972e-03
1.05531851296982089e-03
2.28838225659442067e-04
1.24934646124496077e-04
-8.37961842985595956e-04
5.26387892855447251e-05
8.25489155461851289e-04
-4.18525616357080712e-04
-1.41360484443395326e-04
-2.09693691022438109e-04
5.98476730807731084e-04
-1.94748651975493951e-04
-3.92741137421725257e-04
3.17849687791032392e-04
9.83679752051684923e-06
-3.73316336530080876e-05
-3.55832435745008263e-04
2.63986402101375867e-04
-1.18667126900204789e-04
-3.42220983239414976e-04
-8.83322320372164748e-06
-1.02761112447642358e-04
-1.10928560700415397e-04
-2.27931576640101293e-04
2.02669340739893597e-04
-3.20061571473767407e-05
-1.69231797145150120e-05
1.16054991938158603e-04
-4.06304490861367088e-06
-9.30840129179407567e-05
-8.37664170191583111e-05
4.32060942048065661e-05
-7.78345848364063003e-05
4.44843860086879480e-05
6.51657961565853917e-05
-4.34560586344561893e-05
-4.33032466170462987e-05
-7.47834315336675022e-06
-3.95448623083258450e-06
1.49971390899852626e-05
5.77110172615375805e-05
-1.01109395093378638e-05
-4.61309378612988967e-05
-1.19804111916174075e-05
-1.19514644920552598e-05
5.83933773235454365e-06
1.49167776546848733e-05
-1.40732922216055956e-05
-2.45934849414812786e-05
-6.35129268689309588e-06
