# A=12.5 d=42 c=1.21 Hermite coefficients of F
8.92588709777229261e-01
3.39053238533370271e-01
7.94628739781039900e-02
-3.29641465209380286e-02
-2.56133155991751411e-02
1.36171059969352679e-02
8.30134426716321733e-03
-1.05087856004234155e-02
1.06622398062368191e-03
5.82332512932513466e-03
-5.34911999313996897e-03
7.51822141422848339e-04
3.09536863967994121e-03
-3.79553809977740096e-03
1.86429615134376791e-03
7.35172469486757713e-04
-2.40381710658865537e-03
2.27405819132620772e-03
-1.40838578388595512e-03
-9.52682510230864338e-04
3.80800025042802616e-04
-3.68495226230694875e-03
-1.68397585671332039e-03
-3.93002506914326075e-03
-4.17497967142181712e-03
-1.19429549607956648e-03
-1.39092300532209505e-03
2.52712620226191835e-03
1.88894415535362323e-03
3.87022415870084025e-04
-3.57948238284042314e-04
-2.41682542449534648e-03
4.74417481037313045e-04
7.72309447063687714e-04
8.77180603814430720e-04
-1.72639824897847117e-04
-1.54319729139100340e-03
6.49723502618073301e-04
3.66607990288784916e-04
4.59945720013703622e-04
-7.21781064350639624e-04
-4.52361077427383001e-04
8.89605571788731290e-04
-1.37299005587937354e-04
-1.04868396084604933e-04
-4.68839971723615284e-04
5.23877538674581244e-04
1.52921332004025815e-04
-5.12848135769411332e-04
1.65868334794506901e-04
6.42845720234163287e-05
1.50783228313046294e-04
-4.47540243448826054e-04
1.35436961072654357e-04
1.03385110577052208e-04
-3.44376277486529818e-04
-9.10181414614964898e-05
-1.06942923129005807e-04
-7.62339224640604194e-06
-3.50743512734862366e-04
9.77311231269308413e-05
5.39300616591996309e-05
-7.04750334873495768e-05
9.69525235286104671e-05
6.74679378006984352e-05
-2.41311119785319055e-06
-1.57169660962844324e-04
5.71792483676261101e-05
-7.68316824597043324e-05
-2.25153882479706081e-05
7.94731769597181221e-05
2.50504878573176124e-05
-3.94011621911598059e-05
-3.16880449328820667e-05
3.74683019562204725e-06
-3.86505900869982440e-05
5.54087087450556002e-05
3.81506863626027452e-05
-2.60644842761846780e-05
-2.36582361402806654e-05
-1.36929177156803214e-05
-1.00915133520630023e-05
1.30456370141113491e-05
1.68130174800219768e-05
-2.23267519683489196e-05
-1.43789808309181092e-05
