# A=14.5 d=42 c=1.1 Hermite coefficients of F
8.71701678525829249e-01
2.66209497238640791e-01
1.33692699317688943e-02
-4.77789174533072986e-02
-1.04243098636877529e-03
1.94864322534441768e-02
-8.40530465662330840e-03
-5.49780118727428296e-03
9.17110653846604784e-03
-4.48664959162040251e-03
-1.84114559158734051e-03
5.02086888581379596e-03
-4.32706403045365375e-03
1.22626144925133511e-03
1.47218755967889721e-03
-3.60435533957218987e-03
1.89409933932152205e-03
-3.09336433258025319e-03
-3.12584750031185809e-03
-1.63533690003896375e-03
-5.29242051209520732e-03
5.98530786227945925e-05
-1.90336539721420919e-04
1.80027048046340959e-03
2.76217363497328200e-03
-1.80026697347274774e-03
-3.67025270189148605e-04
-1.73434670054859689e-03
1.11925614072441271e-03
1.72095854253392368e-03
-1.18077171818462999e-03
-1.44242913368923536e-04
-1.04090871789534528e-03
1.66943321610486285e-03
3.03451415322810749e-05
-1.09774560012514946e-03
3.19431877569866397e-04
3.29384641814841998e-05
9.08942736723292004e-04
-1.30943183781595182e-03
3.48072051419282620e-04
5.18247658839132881e-04
-3.36620646992048409e-04
-1.17707906108232055e-04
-2.75217726321083265e-04
8.22933921180204033e-04
-9.25939933202808620e-04
1.07050224395202750e-04
1.40805360631090018e-04
-1.60277146180576145e-04
-1.53763573380216988e-04
-7.61661226420547849e-05
5.09035369339360007e-04
-5.97428688773033508e-04
3.58576324547659137e-04
-4.99170100554454255e-05
-1.27758545258713891e-04
-1.06344234629668257e-04
8.80646857120792430e-05
8.13446978882800559e-05
-2.75211386267503800e-04
3.74911323708204246e-04
-2.67780928767435045e-04
5.53321835265499734e-05
1.97632697570809650e-05
6.40078212663764507e-05
-8.03633199536284409e-05
1.46332288939219170e-05
4.33083622814206689e-05
-1.77586935715397774e-04
2.18717774578511926e-04
-9.48963800540521339e-05
3.47946310134381086e-05
-5.19058386394233805e-05
3.21121466212364670e-05
-4.55084351975332691e-05
7.90477898156093214e-05
-2.54227785722849729e-05
-4.20312498689993973e-05
3.89982136684825873e-05
-1.49453204579731052e-05
1.57679564616323482e-05
1.22941351002290940e-05
-2.45634923038040004e-05
1.17022765960303178e-05
-6.77736085652805558e-07
