# A=3.0 d=36 c=0.52 Hermite coefficients of F
6.92372164577079396e-01
-1.48507092782914296e-01
3.98400172372205628e-03
3.08257828576583327e-02
-2.83709709802080871e-02
1.63290487527864327e-02
-5.28352898671602747e-03
-1.84629013093580256e-03
5.06114927647529668e-03
-5.54356435939470666e-03
4.49964431419463094e-03
-2.92502204142373792e-03
1.36223183217929790e-03
-1.78312292099739493e-04
-5.83580565273779600e-04
9.15877838338695284e-04
-9.63274411338013205e-04
8.16676802065752477e-04
-6.04622855577992106e-04
3.51568190888030066e-04
-1.56192411307281512e-04
-6.76158787407622665e-06
9.14824261477373670e-05
-1.38177510682382845e-04
1.26373318377122346e-04
-1.10276579917189762e-04
7.63531255732085483e-05
-4.93402905296930075e-05
1.35964347770088322e-05
-4.09046697130532975e-06
-1.84486103483977147e-05
1.43136505820447627e-05
-2.27192137774281434e-05
1.29126202775921891e-05
-1.01134828745152918e-05
1.60900962143903945e-06
-9.60078014861865596e-06
-9.52261375189623763e-06
2.31629007652796597e-06
-6.60881169128931119e-06
-1.99218067936427591e-06
-7.96303438920455586e-06
-7.24246806533832888e-06
-6.38907629827207180e-06
-6.60695672863266178e-06
1.13240064440039561e-06
-4.66322524718187437e-07
1.95014372517731478e-06
-3.41647497421266656e-06
1.04697745476251859e-06
3.67956700706440474e-07
-3.33809359683991482e-06
-7.42684150787078427e-06
-6.87931450047321699e-06
-2.63448761351564803e-06
-2.65844909219362286e-06
-7.65450768292735270e-07
-3.40315432736129587e-06
-3.27429960719464064e-06
-3.04034507295935412e-06
-2.49267809979721570e-06
1.04426892233852860e-06
-2.00393537410490353e-06
2.46882876945723394e-06
-3.41810912175697290e-06
-3.80139483483831299e-07
-5.90656336270632573e-06
-3.23800753230729250e-06
-7.28559421497889622e-06
-4.76107847051908304e-06
-5.95022276187004439e-06
-4.77800026635432462e-06
-3.65820414632056426e-06
-1.66843548185080864e-06
