# A=30.0 d=42 c=1.18 Hermite coefficients of F
8.77506734954395795e-01
3.02780940855257308e-01
4.55592713254945533e-02
-4.35436175886963969e-02
-1.52120097566234118e-02
1.91741763592696637e-02
8.08125783690473443e-04
-1.09218344808131168e-02
6.53873214494855512e-03
2.03762790531118298e-03
-6.33366084533499782e-03
4.67347815627503719e-03
-2.24336798523427396e-04
-3.38682529782431772e-03
4.12622769724379536e-03
-2.55449404345518176e-03
-4.41284591325522631e-04
1.82910346994865801e-03
-3.97112426289159774e-03
3.41007301703180610e-04
-3.43874401515311626e-03
-4.76109415867374212e-03
-1.87003675250703872e-03
-4.71762283187833822e-03
1.02621002874889915e-03
1.51238667498564280e-03
1.64173077666337239e-03
2.21086725162136094e-03
-2.92560182143326766e-03
-5.00344732560207271e-04
-7.25185631721060164e-04
1.33939712228292249e-03
1.64661230761425480e-03
-2.00608684196214868e-03
6.78790399488684508e-05
-5.47396316549912491e-04
1.56123930896168313e-03
-9.19619535883920564e-05
-1.44375879190359420e-03
8.14790910324344575e-04
-8.18590771754779123e-05
8.06031170296261056e-04
-1.30786516713702911e-03
3.22538134751114598e-04
7.45339349841028353e-04
-6.14186051207047572e-04
1.10047272586128527e-04
-3.97291033701758698e-04
9.77531892867748503e-04
-8.43225613379161229e-04
3.90505032259841041e-05
4.05391820803505088e-04
-2.69557664359151264e-04
5.08124651175689856e-05
-3.31512370929974134e-04
6.93143247616533629e-04
-6.87343695084063639e-04
2.42988293843331989e-04
1.37440032301492548e-04
-1.69901941413514959e-04
5.81884980419879872e-05
-1.15468176772760519e-04
3.60466079103450665e-04
-5.54746912759646461e-04
4.69181820967218461e-04
-2.10446329169042810e-04
2.99705775612366695e-05
3.70700846021623483e-06
3.29524981722252250e-05
-1.21373526574173295e-05
-1.34621280307794931e-04
2.69791617947398837e-04
-2.80135024270784425e-04
1.88606887135110452e-04
-8.33567804580047074e-05
1.02047411923235939e-05
-3.10832954473177071e-05
4.62404165690356522e-05
-2.37074913769239949e-05
-5.84357309891917902e-05
7.93579517671476038e-05
-1.06958152798561308e-04
4.92954043291078550e-05
-2.27914042509425206e-05
-2.11248169563545992e-05
-2.48850084557451310e-09
