# A=6.0 d=36 c=0.6 Hermite coefficients of F
6.89998990038451887e-01
-1.18571688213514187e-01
-2.09332165690973224e-02
4.42855359976009957e-02
-3.14419054256592501e-02
1.23828094094407936e-02
2.11504373019296647e-03
-9.92957902960906261e-03
1.18430009347413202e-02
-1.00429705685733985e-02
6.48353795949134590e-03
-2.55015897293702247e-03
-8.20663774226196730e-04
3.12614332430848638e-03
-4.29434100854163194e-03
4.49815792484264867e-03
-3.99209572064362049e-03
3.02448900961320519e-03
-1.84095103314156194e-03
6.63173618779529868e-04
3.40884096615572270e-04
-1.08274566838112733e-03
1.54199185019062812e-03
-1.74312415303264079e-03
1.72321902827138546e-03
-1.52620755639816682e-03
1.20168561678585294e-03
-8.06747601964186308e-04
3.97750991397180108e-04
-2.32991199542704292e-05
-2.84907445308504631e-04
5.13279686312595137e-04
-6.62678791185995395e-04
7.39357681187689970e-04
-7.51392413010615106e-04
7.07080010178054918e-04
-6.16701042891184843e-04
4.93270903336978867e-04
-3.51570711563171283e-04
2.07696179512456547e-04
-7.55570758299339612e-05
-3.54653833950217443e-05
1.21468230365891845e-04
-1.83049839647453740e-04
2.22934574458616029e-04
-2.43802330508398910e-04
2.47970944224396776e-04
-2.37328168199173341e-04
2.13766764266124345e-04
-1.79709335823045868e-04
1.38716047283890336e-04
-9.51741884533519706e-05
5.32459545841382936e-05
-1.68264043104391232e-05
-1.18031581835716646e-05
3.22540724795905055e-05
-4.56091481402019113e-05
5.33820038236985581e-05
-5.72084396227479937e-05
5.80880827090290552e-05
-5.67228551786892597e-05
5.29990603040563163e-05
-4.74334344517211718e-05
3.96623046154859395e-05
-3.05696066095195989e-05
2.06852549082371771e-05
-1.15171150033688123e-05
3.57646902597573299e-06
2.03269173510783007e-06
-4.87399379466597074e-06
5.96286011154105664e-06
-4.66017357361489895e-06
3.00556812869484831e-06
-8.42444909899947028e-07
