# A=8.0 d=42 c=0.82 Hermite coefficients of F
7.99569323419290212e-01
6.30643431150073874e-02
-7.70930447474787173e-02
1.03044238280428149e-02
2.08055979939641492e-02
-1.95717318042778338e-02
6.57973168796936216e-03
4.32342937354785774e-03
-9.24342090564479399e-03
6.98001366984842518e-03
-5.17438320920049401e-03
-2.77093730666538949e-03
1.26842284902852973e-03
-5.46557336249734425e-03
4.59103290192913651e-03
-6.39254902389034931e-04
7.05436797253852169e-04
8.70426017375203372e-05
-2.98954338629402704e-03
3.25495931497394621e-03
-1.29044016095514235e-03
7.27787458726720377e-04
-1.20702793154886740e-03
3.14542020915979572e-04
1.50466609857554030e-03
-2.09664378646663534e-03
1.23047216913379164e-03
-5.41093622928463997e-04
7.81658340814590812e-04
-1.05791605517085259e-03
4.39784067862666037e-04
6.65845992031026857e-04
-1.25026790647415399e-03
9.76742473719142967e-04
-4.61570972330017459e-04
3.58951984737653981e-04
-6.51368948614445284e-04
7.88917442521577849e-04
-4.30491426793017996e-04
-2.15665186157606097e-04
6.72525275417080841e-04
-6.81091589705317552e-04
4.03477325544873678e-04
-2.04383115468604497e-04
2.65639078236244329e-04
-4.62642343087918135e-04
5.40329976598021510e-04
-3.59775733857679923e-04
6.36532136874804388e-06
2.99998839389007679e-04
-3.98572424901919942e-04
3.01323637632441139e-04
-1.54326977593824915e-04
9.59743504158090265e-05
-1.62902777907851423e-04
2.76731613917271298e-04
-3.24359412046282812e-04
2.45689777129746783e-04
-7.30795115905640024e-05
-1.01438925703670348e-04
1.95172540199748995e-04
-1.89118209428619657e-04
1.21762935722263539e-04
-5.96032176200123951e-05
4.97304188112394864e-05
-9.06194352460228244e-05
1.43407114107672629e-04
-1.66865064587112794e-04
1.39347054491191432e-04
-6.99305318217809525e-05
-1.04908246126593952e-05
6.88923860860467631e-05
-8.65670140623071589e-05
7.16094496458065079e-05
-4.55173517972438880e-05
3.01021353955573730e-05
-3.24447311942592707e-05
4.68045363995946986e-05
-6.31383847528496747e-05
7.11613949542128267e-05
-6.68190810318034309e-05
5.01304201159240195e-05
-2.85757041513574074e-05
9.12813800781908194e-06
1.09458071478287761e-07
-1.94851197326597658e-06
