# A=33.5 d=42 c=1.16 Hermite coefficients of F
8.71433070641332908e-01
2.90465945043635765e-01
3.48443885050033764e-02
-4.65764351526821649e-02
-1.09689992813830819e-02
2.07118011755423256e-02
-2.51373052697013814e-03
-1.01150114464716376e-02
8.49292258787915678e-03
-2.94284563652345843e-04
-5.59279244803447678e-03
5.80331924049678517e-03
-2.14962581329452597e-03
-2.01766356061040385e-03
3.98496391401793968e-03
-3.62828726203403553e-03
9.07411698635727615e-04
4.70389366322561571e-04
-4.03639777056669785e-03
4.71142375891159693e-04
-4.76742122540496464e-03
-3.33368185022213208e-03
-1.27116268084011795e-03
-2.71594496092365367e-03
3.41240328626496881e-03
9.47543621180665409e-04
1.20704886150574246e-03
-3.13536922183910074e-04
-3.12603440882609470e-03
1.26273390068943388e-03
8.52139578209889711e-05
1.65697084974612873e-03
-6.91531441078403189e-04
-1.86081812406743100e-03
1.36050738912420156e-03
-6.96579512957450726e-05
9.68509231423688474e-04
-1.60467425356955224e-03
5.73835739980253150e-05
1.24444558439413188e-03
-6.82555019069955738e-04
1.04427981697896458e-04
-8.23090410172228385e-04
1.38717293099210447e-03
-5.90648313370224342e-04
-5.17627924976218987e-04
5.71421145284533119e-04
-1.14583431131209154e-04
2.03229181157179645e-04
-8.93316402941617257e-04
9.80800243440604035e-04
-4.32033050390527866e-04
-2.79150474598184139e-04
2.48963482961136627e-04
-3.64107437784158766e-05
7.88997962117505072e-05
-4.99691977633644636e-04
7.50573833377909581e-04
-5.37149396758881178e-04
7.11524274552545141e-05
1.15281495497882264e-04
-4.73038810459330459e-05
-4.06659444738165969e-05
-6.26729104755642308e-05
3.51171962778515769e-04
-4.85906132061440701e-04
3.27226080847696607e-04
-1.18357893244663164e-04
-1.83802294748381084e-05
1.36497011019327667e-05
7.00784115794727083e-05
-3.65907167528821712e-05
-1.23496085112410295e-04
2.16893061845019786e-04
-2.21514866888848107e-04
1.51900008544863092e-04
-4.26519379623969562e-05
-9.28366425031444686e-06
-2.97343322303358091e-05
5.31744066367271145e-05
-2.70700175895030115e-05
-1.23793493968265460e-05
4.62433806558128034e-05
-7.11380604625369502e-05
4.58228518371067077e-05
-1.01196496554480244e-05
