# A=4.5 d=36 c=0.65 Hermite coefficients of F
7.44586165157266833e-01
-6.51944377107987749e-02
-5.10654362369882195e-02
4.40214269044690507e-02
-1.62356669513963291e-02
-3.60263879725327210e-03
1.15332369848572223e-02
-1.11209056320158411e-02
6.85302744621484571e-03
-2.03701611852279705e-03
-1.60378909477042284e-03
3.52533384208699244e-03
-3.89735553803576343e-03
3.23399337967759850e-03
-2.06635576805739608e-03
8.31485645232056883e-04
1.93333384632633510e-04
-8.75017505929307632e-04
1.19587108714422569e-03
-1.21695514619880245e-03
1.03472598355319398e-03
-7.47089747940706916e-04
4.29509516451744336e-04
-1.42960778547738458e-04
-7.67948326680400247e-05
2.17525784587355034e-04
-2.80049519427044984e-04
2.81448771810970013e-04
-2.42259696133953581e-04
1.74944480973314166e-04
-1.08107267437917271e-04
4.37422779927316876e-05
9.34435605308742861e-06
-4.39139803485600602e-05
6.42556419325004155e-05
-6.51324859211845552e-05
6.09553507838299228e-05
-4.63196638122844524e-05
3.18230160552690630e-05
-1.82023328134635148e-05
8.39219915795276733e-06
1.73182768732052430e-06
-8.11073076122348054e-06
9.31845342217626463e-06
-8.14187450532473812e-06
7.08470016956525917e-06
8.45156470171315628e-07
-1.96280172508691859e-06
4.26258222073278763e-06
-3.54966633927476230e-06
6.68764627391827749e-06
-4.34197881126174292e-06
1.63390600895201455e-06
-8.27091942764014276e-07
1.38703577711317048e-06
4.46755318216231863e-07
9.05672046605572752e-07
2.87588494411824441e-06
-2.96402320960540805e-06
3.51021712662179540e-06
-2.98419769351370361e-06
3.23887406989325837e-06
2.28011522526286233e-06
1.26265020927496713e-06
1.74552359839379992e-06
7.74443288205435196e-07
2.72419925020729240e-06
-1.04331810228942994e-06
2.51252287745283309e-06
-1.08417938517865937e-06
9.06920348195232057e-07
-6.99199727908367003e-07
4.75458744537905938e-07
-2.55184419960975001e-08
