# A=6.5 d=36 c=0.69 Hermite coefficients of F
7.43829740984516374e-01
-4.71872114662583164e-02
-5.88564914954467638e-02
4.21696481558725689e-02
-9.91859839859713169e-03
-1.01785062189162501e-02
1.59109973606314167e-02
-1.30580780510043959e-02
5.95397507770923512e-03
-2.74421068242535816e-04
-4.32189138255335229e-03
6.05919977947663550e-03
-5.35858729031729077e-03
3.86840200658160804e-03
-1.99810864645722603e-03
-1.25807420093853499e-04
1.79649953368807747e-03
-2.53048562034104618e-03
2.56800520405481292e-03
-2.31147150736685670e-03
1.84711489041246139e-03
-1.10655734626253772e-03
2.15100019862964433e-04
5.41198892979286115e-04
-9.72866889337664132e-04
1.12547272747138410e-03
-1.14681941738670472e-03
1.11511685599413168e-03
-9.94855445660825736e-04
7.37455904987411323e-04
-3.73485569191238636e-04
1.10870035068210381e-05
2.49325096439660459e-04
-3.78647344608905073e-04
4.21624017384511203e-04
-4.39291354726154936e-04
4.57223085834238029e-04
-4.55927465270373621e-04
4.01511057482131914e-04
-2.83779437362437778e-04
1.29624611576232613e-04
1.45726394159856359e-05
-1.11256367280352107e-04
1.52580655572364575e-04
-1.58115418415832431e-04
1.55805467142040643e-04
-1.63436600335646522e-04
1.78332979754758483e-04
-1.85684875357222179e-04
1.69750864367588849e-04
-1.27096790436201509e-04
6.80304126313543484e-05
-1.04586247360450148e-05
-2.96965719067429630e-05
4.65855064244284633e-05
-4.49227336198424203e-05
3.62588545575160629e-05
-3.10100238296651457e-05
3.38109845577045732e-05
-4.26480905556593276e-05
5.00017521696816871e-05
-5.14670846300699405e-05
4.28019180586773911e-05
-2.81740473913620257e-05
9.95673085138282850e-06
3.14106496669191374e-06
-1.05901255457552750e-05
1.04956110551939391e-05
-6.30740309134001284e-06
1.40432170301452566e-06
2.52189792831899816e-06
-2.96255334048436389e-06
2.48066829133168041e-06
-7.53603180621482439e-07
