# A=7.0 d=42 c=0.59 Hermite coefficients of F
6.74665048981463511e-01
-1.29291169710874704e-01
-1.28859364096808940e-02
4.27838124829055810e-02
-3.45071596196876718e-02
1.71502495688186339e-02
-2.12059609402009920e-03
-7.25141989460219814e-03
1.10456185362101111e-02
-1.07654328645207936e-02
8.09708319590857900e-03
-4.47052107260507026e-03
9.14810145822709435e-04
1.93635265495714572e-03
-3.81533481762410392e-03
4.69980603449534750e-03
-4.73328449575583995e-03
4.12017247230675801e-03
-3.09942146418021661e-03
1.89032952771124672e-03
-6.86861422923812815e-04
-3.77184108615226323e-04
1.21078495631336261e-03
-1.78194242874051305e-03
2.08373607620439228e-03
-2.14366100907359587e-03
1.99737196906315390e-03
-1.69910827232003670e-03
1.29927507283712947e-03
-8.56952844375871649e-04
4.11286207951733218e-04
-6.20267135157136001e-06
-3.39952673151759893e-04
6.06079717383002647e-04
-7.91370506991769104e-04
8.93458819507140936e-04
-9.18009833728272414e-04
8.75498638438888398e-04
-7.78104553062098888e-04
6.40852062570102876e-04
-4.80767670129356628e-04
3.09993886560671933e-04
-1.43212237690244586e-04
-1.03469022351024102e-05
1.43892001471283691e-04
-2.53318164930064604e-04
3.35386622538415258e-04
-3.90937842386493027e-04
4.18968791641604514e-04
-4.23209397261254728e-04
4.04372889392766964e-04
-3.68507430022290794e-04
3.19150108979415260e-04
-2.60703362938890897e-04
1.98042788883686022e-04
-1.35806623129441201e-04
7.61606453291594024e-05
-2.26465230458636733e-05
-2.43421832789006605e-05
6.34399934810995385e-05
-9.36459112807645414e-05
1.15609391801116735e-04
-1.30695969414997882e-04
1.37340195062713252e-04
-1.37768177657605640e-04
1.31419622621596339e-04
-1.20814186208677884e-04
1.06202569247328539e-04
-8.97562254531040067e-05
7.25294704612427133e-05
-5.61543651168870331e-05
4.06543173453871451e-05
-2.71607228357598663e-05
1.53280501349185213e-05
-6.51878468394199019e-06
-1.19406479399784018e-06
6.36815708316002118e-06
-1.09145402255176176e-05
1.28996865807818889e-05
-1.48019321292141262e-05
1.42523139382416495e-05
-1.38085688295048280e-05
1.21307337419955890e-05
-9.22661262906853075e-06
5.88666091361654669e-06
-2.32166824547630700e-06
