# A=5.0 d=42 c=0.65 Hermite coefficients of F
7.36176884620211469e-01
-6.93869826751640634e-02
-4.99255628544806526e-02
4.54970320072401735e-02
-1.79879671078186192e-02
-2.96536768086137336e-03
1.22253236003852343e-02
-1.26552631886487459e-02
8.54126298548690474e-03
-3.33999239895098939e-03
-9.68866624147168062e-04
3.58010064008042585e-03
-4.47597546313753536e-03
4.08880458438797695e-03
-2.95964477094114511e-03
1.57428011746914179e-03
-2.83990669532704096e-04
-6.88806968126663070e-04
1.26651643082538630e-03
-1.46808466818742198e-03
1.37930917081885451e-03
-1.09489929980039749e-03
7.16037642196585395e-04
-3.20763797917029980e-04
-2.36074031448646384e-05
2.82327636295664347e-04
-4.39273413958970842e-04
5.04735834346259045e-04
-4.92294448275722098e-04
4.26949295648631317e-04
-3.26458576453856068e-04
2.13012218683211486e-04
-1.00853449136587925e-04
5.34731383629752735e-06
6.75262136522134784e-05
-1.13289829713506159e-04
1.35929591396434935e-04
-1.38219371126677945e-04
1.27098931351790661e-04
-1.06385330105888065e-04
8.12077923718701000e-05
-5.40960370073188725e-05
2.86396007782194987e-05
-7.16622853836872283e-06
-8.54897587660390481e-06
1.81087341064014239e-05
-2.19184334738994370e-05
2.15726038513388077e-05
-1.84834078551306829e-05
1.46347542701098267e-05
-1.06644049589495031e-05
6.70630139161046694e-06
-2.98520426199110978e-06
1.12427764497376875e-06
1.28880686310657989e-06
-2.64542625237992228e-06
3.34418887989611268e-06
-1.64670261963671140e-06
5.58654933018656050e-07
6.37893071627623699e-07
-4.93698310571758295e-07
1.30648624898063227e-06
-2.93575279945539318e-07
1.63017872721721280e-06
-5.57315009098099403e-07
-8.56953308028606886e-08
-2.06395565120377094e-07
-1.85163073485310626e-07
5.16714060248619665e-07
-8.66479489906507908e-07
7.75042465087326111e-07
-6.04818633883496713e-07
1.01121114162727472e-06
-1.23757883678074130e-06
7.83460036380228511e-07
-5.56707579183585675e-07
3.73594198818639166e-07
2.28511480323588339e-08
-4.65960780990773481e-07
5.82645001607580350e-07
-8.10985684615011669e-07
7.07736611162899628e-07
-7.10581770268310566e-07
5.68310308153015486e-07
-2.54687907722221522e-07
-1.49904387116198724e-09
