# A=34.0 d=42 c=1.15 Hermite coefficients of F
8.69420699579120715e-01
2.84960830254210595e-01
2.98902171079560158e-02
-4.78085397907770659e-02
-8.81171841514223272e-03
2.12357263488707065e-02
-4.25756836286678760e-03
-9.37884684377215602e-03
9.25252651959763799e-03
-1.57144879369274047e-03
-4.88615876254340845e-03
6.07303222185515308e-03
-3.03117962428553532e-03
-1.15737644000796398e-03
3.62355159193776359e-03
-3.95726164441614035e-03
1.44190302292764331e-03
-4.87682676033369608e-04
-4.09954419278052169e-03
-8.12475567397458881e-05
-5.71046291456247905e-03
-2.96606543766561896e-03
-1.34018047773882859e-03
-1.61920485167088807e-03
4.20271642158731584e-03
5.51809846130336696e-04
8.42663738504379183e-04
-1.41759405502144540e-03
-2.61066668949798755e-03
2.08541649554127824e-03
1.79823383226606444e-04
1.31369936316448328e-03
-1.66663948538603598e-03
-1.07845636741666024e-03
1.82141853983086056e-03
-2.78831128018406423e-04
4.13127663397793083e-04
-1.70344464705664191e-03
1.02395098853834085e-03
7.86911680701964360e-04
-1.04166516870612350e-03
1.67097847611354479e-04
-3.28356697322893789e-04
1.24054915129805489e-03
-1.27643658486830064e-03
3.93220797889501329e-05
5.18604491530746210e-04
-4.55052779683172036e-04
-1.72802498753543297e-04
-6.35895998707951444e-04
8.04517944363935611e-04
-1.07769254874373437e-03
6.69032459940328080e-05
2.40527272024838022e-04
-1.31198148003150872e-04
4.81499396344399607e-05
-1.20070391930351679e-04
5.76252163704294882e-04
-8.37085623177542229e-04
3.86640711849192112e-04
-1.08557385104278935e-04
-2.22396746691325880e-05
4.98612341096658191e-05
1.29593711821235965e-04
3.24280839968227167e-05
-4.05165627644168275e-04
3.79633864915608849e-04
-2.63062484926574044e-04
1.50323118869767820e-04
3.93513839202196949e-05
-2.98637994307285738e-05
-1.11186746279825171e-04
8.49171142240297305e-06
1.35757903662348477e-04
-1.66487375497280507e-04
1.91224224569778230e-04
-1.69398977339889594e-04
4.50505327908866425e-05
-3.71389658509406039e-06
5.71764462026231519e-05
-6.52533642467908445e-05
2.43680708702013847e-05
-1.37475857691591463e-05
-1.81793847649906103e-05
4.45161941916063500e-05
-2.02105563786367740e-05
