# A=34.5 d=42 c=1.15 Hermite coefficients of F
8.69317342574281615e-01
2.84852533978039724e-01
2.98010371495514431e-02
-4.78320366410805303e-02
-8.78304699345051031e-03
2.12543015552307674e-02
-4.28557607929091079e-03
-9.37579724869995468e-03
9.27361663921884641e-03
-1.59406772936196515e-03
-4.87963838143655806e-03
6.08324459859266135e-03
-3.04821374891061682e-03
-1.14687985945014642e-03
3.62273543451652365e-03
-3.96731173666341717e-03
1.45174874128146426e-03
-5.02221855944868546e-04
-4.10503497412202569e-03
-8.75028863463839192e-05
-5.72980253346030977e-03
-2.96139373556097247e-03
-1.33830623089315273e-03
-1.60541434429479655e-03
4.21934657751343520e-03
5.42644921324752930e-04
8.37825355717691789e-04
-1.43366617107151709e-03
-2.60225307330562124e-03
2.10037523418552278e-03
1.77155559160975572e-04
1.30702974575432041e-03
-1.68091242957324580e-03
-1.06590611662660869e-03
1.82962913052873424e-03
-2.85105835624463954e-04
4.07512945517594189e-04
-1.70428345262466823e-03
1.03842108180701677e-03
7.78936497653915077e-04
-1.04965064894576763e-03
1.70698745952577429e-04
-3.25273074780821022e-04
1.23661610464396955e-03
-1.28711567999951018e-03
4.99823586173257870e-05
5.17194704842720331e-04
-4.60759690927457159e-04
-1.74278566234559363e-04
-6.32169132755535539e-04
8.01736720558234332e-04
-1.08582749533990227e-03
7.52204750297055954e-05
2.39233157900671533e-04
-1.33257653545189986e-04
4.95519448450701307e-05
-1.16157694022222483e-04
5.73266659414402215e-04
-8.40778357045309801e-04
3.92317070996933204e-04
-1.12566551557622579e-04
-1.99351078867017473e-05
5.23064324918959039e-05
1.29670556792179362e-04
2.76310288051039932e-05
-4.03328301078668234e-04
3.81719644621535657e-04
-2.65479172502770962e-04
1.53367043210760149e-04
3.79798278141702363e-05
-3.12014061187309720e-05
-1.10911073145424270e-04
1.06920584301921205e-05
1.34602281266940507e-04
-1.65957811504993652e-04
1.91434567049652524e-04
-1.72214497892917665e-04
4.68971963675493252e-05
-4.00164979425334834e-06
5.76741314283250276e-05
-6.61052575473987364e-05
2.55105695469017382e-05
-1.45055559196097413e-05
-1.69252744240324125e-05
4.41615165965339961e-05
-2.02852232089841495e-05
