# A=20.5 d=42 c=1.4 Hermite coefficients of F
9.16928165842960774e-01
4.10831393821585955e-01
1.76411889270185945e-01
3.08433972060257050e-02
-2.95811171800716283e-02
-1.75815783002461964e-02
1.12204746736715207e-02
7.67770790761206079e-03
-8.38209850404688685e-03
-1.28141313995879663e-03
6.25611616691989017e-03
-3.26178206465380354e-03
-2.04530479446960161e-03
4.18283189426100436e-03
-2.32186116777803077e-03
-9.58650325360556332e-04
2.85712707238430438e-03
-2.39936607933623810e-03
4.40566630848257621e-04
1.43233342150059185e-03
-2.14392754165302398e-03
1.49186416081663505e-03
-2.09092143188505455e-04
-1.15632755591507912e-03
1.30947134608040434e-03
-1.78436041478074775e-03
-6.37713131787899425e-04
-1.37156255415991782e-03
-3.97867225220153910e-03
-2.96199845651010443e-03
-5.55362543057833467e-03
-4.59921416988883554e-03
-2.88435467749060745e-03
-1.78463758330533366e-03
2.13231634134148848e-03
1.92632715434649764e-03
1.81370709444143852e-03
1.07691956109778300e-04
-2.07056614113289121e-03
-6.36883752715659314e-04
-2.48277945750365156e-04
1.35613116338131239e-03
6.71520784302329782e-04
-8.69591776004303854e-04
-3.63617842487846846e-04
-3.65065620633615385e-04
9.76565191082601983e-04
8.77177559880479199e-05
-5.55318592350974110e-04
-7.92218519857437612e-05
5.80862090644870214e-06
6.40624936878154711e-04
-4.75419610601592437e-04
-1.52186305811642349e-04
1.44519608742320972e-04
1.68066703488299705e-04
1.87947319321365731e-05
-3.98611889981144766e-04
2.84180093300639004e-04
6.63432066502840818e-05
-9.49630521080114197e-05
-1.01274540587700519e-04
3.98751330082478824e-05
1.84364000057901829e-04
-2.64346684570519676e-04
3.69239428663506539e-05
7.85219018179533242e-06
-2.73908821355114680e-05
-1.84139905718809949e-04
-9.83065177829669915e-05
-1.60900149427099012e-05
-2.51075418693225507e-04
-1.49418799733741915e-04
-1.12660586214486915e-04
-8.53271834477626820e-05
-1.41156846716593054e-04
-1.28590762308446416e-05
4.65721168716603062e-05
-8.72981725245249702e-06
2.37351443520158572e-05
4.75027362683174526e-05
4.53783452263103326e-06
-2.48429853843274658e-05
-4.06053740255669490e-06
1.97925686999621999e-06
-1.99323466889985795e-05
