# A=11.5 d=42 c=1.19 Hermite coefficients of F
8.90871530556385349e-01
3.29901655599067145e-01
6.93464384709026327e-02
-3.68037695764741879e-02
-2.24584136056945986e-02
1.55930427752076356e-02
5.96834378039974231e-03
-1.07733089224845615e-02
2.85018966109297674e-03
4.67618048751378135e-03
-5.71344539149635372e-03
1.99405764391719954e-03
2.09328460739910838e-03
-3.69388183520625787e-03
2.56309081237273166e-03
-2.16277324874154016e-04
-1.83628362480141652e-03
2.22954742962398929e-03
-2.10252008071604504e-03
-4.97587520790672595e-04
-6.09672157573355636e-04
-4.06357384176649593e-03
-1.85956056798786671e-03
-4.43573890737009296e-03
-2.88248254611712593e-03
-1.80807468061395041e-04
6.52673380234707967e-05
3.18141476351551820e-03
6.77512573443349786e-04
-5.19852026297045822e-04
-1.20576656207716459e-03
-1.43424469477768774e-03
1.63746293666162425e-03
5.30881284721036436e-04
1.70728166861096862e-04
-1.00408471868373679e-03
-5.99141595627036491e-04
1.26812006789990593e-03
-7.13334375264663674e-05
-1.39023896622781935e-04
-7.27278255583247530e-04
4.82527047310868503e-04
5.59106819995543441e-04
-6.32838532159341917e-04
-1.74579241587868427e-05
1.50092420867192333e-05
4.90726303570349011e-04
-4.57123862657431526e-04
-1.47647629699961761e-04
3.72801629963391968e-04
-1.37164146854984448e-04
-1.30572725333743449e-04
-2.04893015644191961e-04
2.54474957292544202e-04
-3.33540379195028792e-04
-2.46118351702897848e-04
3.83233043390734929e-05
-1.63578140532110524e-04
-1.31381922990084395e-04
-7.15263432163232337e-05
2.16389474493775208e-04
-1.03478822670272373e-04
5.93618689158698825e-05
7.68845806987219008e-05
-9.74419683545149054e-05
-1.00936125089916165e-04
-2.04977435547283447e-05
2.13985219915692663e-05
-4.95052731279959022e-05
8.42039814526624744e-05
-2.36482554623906904e-07
-7.92446174943364139e-05
-9.07931258564025935e-06
4.35662102635239680e-06
1.80274776497368699e-05
3.65703588534333618e-05
2.21242337541046892e-05
-5.84578361192864232e-05
-3.41716384974207832e-05
-2.07351276023886948e-06
-6.18702612700577827e-06
1.11058201477365857e-05
-1.10791998059785863e-05
-3.26606344889504498e-05
-1.79000851014241221e-05
-1.87705853597527398e-07
