# A=27.5 d=42 c=1.19 Hermite coefficients of F
8.79451092322927508e-01
3.11012175730188467e-01
5.27600437427007407e-02
-4.20414711092433752e-02
-1.78126699724761896e-02
1.84073274162891501e-02
2.67899589738452432e-03
-1.13518800903620581e-02
5.48851111278003678e-03
3.21059310028908636e-03
-6.60852051531523807e-03
4.01536587878196377e-03
7.05101046458853770e-04
-3.91231021648744993e-03
3.97454916652191514e-03
-1.87383147422896389e-03
-1.11169651744121283e-03
2.32223220424008971e-03
-3.67492716820472807e-03
6.56895336733648999e-05
-2.54986412516879438e-03
-5.25924503623471755e-03
-2.10825277145965887e-03
-5.49665731829469557e-03
-6.15586299145724899e-04
1.23503951533976680e-03
1.42857830002093259e-03
3.40199220944230113e-03
-1.95119041236283723e-03
-1.01013696131236870e-03
-1.28755294538895546e-03
4.31136720508790529e-04
2.52934359297642998e-03
-1.27422655413740506e-03
-2.71477365385789716e-04
-1.08919409332931382e-03
1.14742684756925003e-03
9.92476656607276311e-04
-1.50890915142666885e-03
2.77319590652642619e-04
-2.61285765217858089e-04
1.22741734424714377e-03
-8.74047579574976528e-04
-5.05003355942859459e-04
8.91492889481960331e-04
-2.78485149885714491e-04
1.60574858420085338e-04
-8.21442186557317798e-04
9.57604716286834887e-04
-2.97445410090983113e-04
-4.82900475959279830e-04
3.20052384086472836e-04
-1.90097024919840029e-04
1.17495065414730232e-04
-7.61500552123814357e-04
6.33294182931698610e-04
-3.81599835706620595e-04
-1.53586762973178062e-04
2.34022210641782083e-04
-2.06436097265016137e-05
1.24752247591192151e-04
-3.18626350550453162e-04
4.94256614620512680e-04
-5.01336066136764806e-04
1.34874773266542455e-04
2.37639437204164249e-05
-1.48608177759353241e-06
7.07635807040012425e-06
-9.92502718429741295e-06
1.24239025648710750e-04
-3.09755267435982530e-04
2.72053242333690189e-04
-1.31106068960227422e-04
7.56435665465737817e-05
-2.93960962824566180e-05
2.20033935450147044e-05
-9.72866026815687168e-05
4.02727594571676963e-05
4.49090960647937742e-05
-6.47327709497981854e-05
3.89153457085365819e-05
-2.32854690927181249e-05
-2.96994870099191559e-05
4.67250912364865163e-05
-1.51009230968559739e-05
-5.22943445864623677e-08
