# A=5.5 d=36 c=0.65 Hermite coefficients of F
7.28076330237672820e-01
-7.37931555830428354e-02
-4.84232797382434105e-02
4.70827113648079817e-02
-2.05655350219449071e-02
-9.36584197347801149e-04
1.13031605909108337e-02
-1.26963707151138295e-02
9.09050402861729875e-03
-3.93255254293504043e-03
-6.50341326414869553e-04
3.65126079604402316e-03
-4.89854333528187691e-03
4.71504877012657569e-03
-3.61301154660597854e-03
2.09588794570629436e-03
-5.74132234102418208e-04
-6.74377599435442565e-04
1.50889483420213466e-03
-1.90830596174416966e-03
1.92887164799748875e-03
-1.66526051946262266e-03
1.22612569463386107e-03
-7.14294374590551369e-04
2.15959361700638459e-04
2.04283449452024408e-04
-5.12681202932199114e-04
6.98812865422954806e-04
-7.69484152475650670e-04
7.44423896711620238e-04
-6.47129476674098824e-04
5.03317106900833975e-04
-3.38412699179362097e-04
1.74680375338155441e-04
-2.96245576573102624e-05
-8.62521486334677978e-05
1.68118457228224986e-04
-2.16354869895426182e-04
2.34460122160681393e-04
-2.28318903565862300e-04
2.02282867987786056e-04
-1.64236209336899653e-04
1.18853062854413279e-04
-7.26361854676304305e-05
3.04979048220644852e-05
4.81203969707706745e-06
-3.18569727905429717e-05
4.91687143603377979e-05
-5.92692364073095317e-05
6.13707460639766739e-05
-5.96652362132684468e-05
5.39064734478065892e-05
-4.53716905228563391e-05
3.49526688086832806e-05
-2.45291214497287953e-05
1.46267012159539327e-05
-6.65462219836727184e-06
3.60174755930121339e-07
3.16740373234062830e-06
-4.87220869174976052e-06
5.36038592303903237e-06
-4.98896361516352040e-06
4.50298231626235462e-06
-3.98261072145962721e-06
2.22189868229576691e-06
-1.52158847997904239e-06
2.87364811513604709e-07
6.20802034772448752e-07
-1.91511540807887706e-06
2.14645200189946721e-06
-2.13212911570141966e-06
1.59021587507208052e-06
-1.09994144177578490e-06
2.41956619387504704e-08
