# A=10.5 d=42 c=1.01 Hermite coefficients of F
8.57468238635208713e-01
2.08849724128924025e-01
-2.58064965172957045e-02
-4.21860712904361460e-02
1.73410195868436874e-02
9.93050489555629551e-03
-1.41991151091430401e-02
4.97769779804490761e-03
4.20844147827061608e-03
-7.28404646855763602e-03
4.83881016728279767e-03
-5.19134871412150860e-04
-3.20891169608490939e-03
3.50592191663172750e-03
-4.16887084432505939e-03
-1.12421269696746321e-03
-1.77815450219349805e-03
-5.44034993140334044e-03
2.83506313680720768e-04
-1.80216754435822790e-03
2.27903893956964577e-03
2.41984199519175523e-03
-1.35693381793959632e-03
9.79746689692840688e-05
-2.42746509224814290e-03
1.69470582718650800e-03
1.07797578778094216e-03
-8.15172553813355819e-04
-2.20319367272469018e-04
-1.04230748701651600e-03
2.03053644453172035e-03
-7.22994815696617263e-04
-6.02413843151626636e-04
2.00749077242486887e-04
2.99200390744107326e-04
4.70155961882218394e-04
-1.38611453587601796e-03
1.00328008890854898e-03
-5.70912807463198543e-05
-2.75672209633352208e-04
-2.02617629775166520e-04
1.99334801948312565e-04
3.13736234187875424e-04
-9.16756556631751558e-04
7.42070881233087318e-04
-1.88095187203109833e-04
-6.69690540362196740e-05
-6.37238561367839840e-05
2.45383922069211679e-04
-9.68329626837823379e-05
-3.51435770426268990e-04
5.51546686277077031e-04
-4.08633943131919935e-04
1.48710545639494773e-04
1.20906603798483269e-05
5.82666518565769231e-05
-1.90858673816944211e-04
1.33316332959524286e-04
8.27281620910520993e-05
-2.52851230861548095e-04
2.75414682097247204e-04
-1.78330741723077796e-04
4.54561656320817058e-05
6.58343732689339574e-06
5.69038299034743591e-05
-1.17464947141693077e-04
7.46507172646258929e-05
1.94321771609477496e-05
-9.17802369238067915e-05
1.31053691455732630e-04
-1.14017013117272462e-04
4.46132216373709196e-05
7.02873166121832074e-07
1.85427128484747742e-05
-5.24439334048686618e-05
5.33974237489048928e-05
-3.50954270313267715e-05
1.43838316882720314e-05
1.27782192297747201e-05
-3.33515725464305268e-05
2.60240643433962593e-05
-2.57126136982461389e-06
-9.91385202058900816e-06
5.69481571090055919e-06
5.46973271596733164e-07
-1.30360427239666123e-06
