# A=23.0 d=36 c=1.13 Hermite coefficients of F
8.67623932637417439e-01
2.79630015531103893e-01
2.16949485613560297e-02
-4.91306799187662402e-02
-4.63367781149744227e-03
2.05859668823538643e-02
-6.44281387330633126e-03
-7.58918726743357426e-03
9.32269574032546997e-03
-2.92949895998806387e-03
-3.64343448901236107e-03
5.80546686284530433e-03
-3.75466854997574210e-03
-1.23780653002859668e-04
2.83509529097242686e-03
-4.07033180732582073e-03
1.75452708251297180e-03
-1.82505292275633637e-03
-4.09955271504958228e-03
-1.03844303794162359e-03
-6.41471018124002788e-03
-2.03213525497374353e-03
-1.07210211592966400e-03
1.47078100953169303e-04
4.36244005788249695e-03
-3.91142390084917198e-04
1.51208329991051309e-04
-2.23802216993464935e-03
-1.05139140594139556e-03
2.54579558042235341e-03
-2.52739698951828849e-04
5.01057193012828875e-04
-2.01934994271231070e-03
4.63306205466691321e-04
1.48316092615412743e-03
-8.38204425960178100e-04
1.36837076889889100e-05
-9.74187289673867523e-04
1.57794923922729719e-03
-4.37667310358347402e-04
-7.27888856726301549e-04
4.71743712248757423e-04
-5.88431627704551468e-06
4.08147931631391316e-04
-1.13885804065921143e-03
8.10799982069949519e-04
-9.65093667642452158e-05
-4.45593117937923304e-04
4.27855817549036271e-05
-7.65588380004244857e-05
2.91262823176713674e-04
-7.58295208999573917e-04
6.92992177612702020e-04
-1.97125157385294041e-04
-1.93446954503166072e-05
4.94809804273536359e-05
5.56886631571851438e-05
-2.22694487423415167e-05
-2.89757641205384711e-04
4.22693682841732295e-04
-3.15337218871152437e-04
1.71218586728325429e-04
-3.28122363043476819e-05
2.41537380728958616e-05
-1.23613198363727175e-04
9.29026162084527663e-05
1.50793133448987027e-05
-7.68692951081474175e-05
6.97221038697966148e-05
-4.91587512314050918e-05
-4.08290357687285399e-05
4.51281078309313777e-05
-1.83032784930388284e-05
-2.52949018979772086e-05
