# A=17.5 d=42 c=1.1 Hermite coefficients of F
8.69083489520403818e-01
2.62079717789254651e-01
1.03269232299894598e-02
-4.78972839977246032e-02
1.92682422892991034e-04
1.93540674981076445e-02
-9.12526205404752024e-03
-5.00639395537947653e-03
9.32890312928302823e-03
-5.02054790834298610e-03
-1.43187758400721912e-03
4.99384719790742487e-03
-4.63919047242307252e-03
1.60875865330010852e-03
1.18905166795138452e-03
-3.68298187672554166e-03
1.98906897631762405e-03
-3.58860995771947792e-03
-3.09790250170823575e-03
-1.84198552718960835e-03
-5.29502380913296228e-03
6.06359435346547114e-04
-3.88470818741956311e-05
2.13443304595463922e-03
2.44290791222880272e-03
-2.24778795231549578e-03
-2.95751336963768650e-04
-1.61641827583487371e-03
1.60678868849284157e-03
1.43369916310759652e-03
-1.48892554078482089e-03
-6.59891380455703035e-05
-8.36827757400497303e-04
1.88099912591930055e-03
-4.29750622918590472e-04
-1.06668259319245284e-03
5.50135333183749894e-04
7.56139828323307479e-05
7.30083612633147415e-04
-1.47451245391877440e-03
7.30669062379623582e-04
3.63021228243564070e-04
-4.72455373794702970e-04
-7.14709733473727180e-05
-1.52615094309605090e-04
7.51021100110830803e-04
-1.12720010046994364e-03
4.04491042421799567e-04
4.61779455586174090e-05
-2.23896964547014483e-04
-1.14317315725180466e-04
3.41749152764152480e-05
4.19816562141405087e-04
-7.05115827131940821e-04
5.53859501615957292e-04
-2.31820930821196745e-04
-1.06300972064569661e-04
-5.83960810047041935e-05
1.17100440884137440e-04
-1.00068544638660484e-06
-2.31119119213429419e-04
4.32649823331122420e-04
-4.06383629188102622e-04
1.95627749129433049e-04
-2.51135748922370612e-05
5.27805654063800197e-05
-1.06766631379957161e-04
5.78654234173490772e-05
-8.19033117535711785e-07
-1.45334231527525750e-04
2.69998591604031957e-04
-1.94465280155076711e-04
8.70353951134544151e-05
-7.97478487095899054e-05
5.88697250710935199e-05
-5.10247160082582358e-05
9.47259272594511734e-05
-7.48058550338622343e-05
-1.60402790101255255e-05
5.06991829715726638e-05
-3.34960434057158629e-05
2.79029016696846001e-05
-8.58700318528580683e-06
-2.40866644330497134e-05
2.41068199630708940e-05
-6.07571040430088829e-06
