# A=19.0 d=42 c=1.1 Hermite coefficients of F
8.67887418546598122e-01
2.60364962392702681e-01
9.10931262426149801e-03
-4.79605349812758930e-02
6.78253776061402830e-04
1.93200429079466510e-02
-9.42391890487935709e-03
-4.81056081946522763e-03
9.40082655979514528e-03
-5.24052418570880758e-03
-1.26919898559266914e-03
4.99109549121394894e-03
-4.77406504350824223e-03
1.76476655286294517e-03
1.07849939969725740e-03
-3.73146266862622606e-03
2.02783719374044057e-03
-3.81636234907421074e-03
-3.10603312860382964e-03
-1.94502833181350496e-03
-5.32295596764727295e-03
8.26457028249944002e-04
1.12601899420925692e-05
2.27489024186805586e-03
2.31298243092847942e-03
-2.42612235794262797e-03
-2.55985711879291649e-04
-1.56974328540891847e-03
1.79269908531414163e-03
1.30562951316536783e-03
-1.60605324209410656e-03
-1.69330392815486580e-05
-7.60317672742839997e-04
1.95320716494644733e-03
-6.20315005661106430e-04
-1.02766703449592251e-03
6.42960910419918420e-04
7.26239948554399033e-05
6.58084562404505314e-04
-1.51523687227700268e-03
8.89049483456857276e-04
2.76255803665970243e-04
-5.13956586294799151e-04
-3.63233021693215715e-05
-1.03427774982407144e-04
7.12125103800275100e-04
-1.19546411601826404e-03
5.30256574427113189e-04
-1.71153422753921123e-05
-2.41470023559840091e-04
-9.35358045340419582e-05
7.04532542871820749e-05
3.72187961395189159e-04
-7.28886965372360922e-04
6.27037026291840443e-04
-3.15469431752949661e-04
-8.05045774531868981e-05
-4.19975161750138081e-05
1.19819048911179210e-04
-2.84819992397785814e-05
-2.03459816934765269e-04
4.43026182342341702e-04
-4.55447246259696220e-04
2.59119094145206751e-04
-5.80258908004593443e-05
5.46797543390083272e-05
-1.14510239180962470e-04
7.23040773403746417e-05
-2.06361501675763009e-05
-1.22700035550739220e-04
2.80963826904930285e-04
-2.32524789338310058e-04
1.15163610090077031e-04
-9.41931443167764765e-05
7.19387387500311883e-05
-5.32664730866090055e-05
9.65921022551642693e-05
-9.35803405494819605e-05
-8.72039621020698858e-07
5.11072056474495194e-05
-3.79364809470654347e-05
3.28304453452060344e-05
-1.67445018112761135e-05
-1.98678635740356569e-05
2.84537577821034580e-05
-8.71102924701207785e-06
